# transform file /usr/local/freesurfer/subjects/3631/mri/transforms/cc_up.lta
# created by ubuntu on Fri Jan 12 10:38:08 2018

type      = 0 # LINEAR_VOX_TO_VOX
nxforms   = 1
mean      = 129.0000 119.0000 107.0000
sigma     = 10000.0000
1 4 4
9.994454383850098e-01 -3.009336441755295e-02 1.426042616367340e-02 1.828913927078247e+00 
3.009030222892761e-02 9.995471239089966e-01 4.293386591598392e-04 2.612685394287109e+01 
-1.426688767969608e-02 -2.910383392618066e-11 9.998982548713684e-01 3.684797286987305e+01 
0.000000000000000e+00 0.000000000000000e+00 0.000000000000000e+00 1.000000000000000e+00 
src volume info
valid = 1  # volume info valid
filename = /usr/local/freesurfer/subjects/3631/mri/norm.mgz
volume = 256 256 256
voxelsize = 1.000000000000000e+00 1.000000000000000e+00 1.000000000000000e+00
xras   = -1.000000000000000e+00 0.000000000000000e+00 0.000000000000000e+00
yras   = 0.000000000000000e+00 0.000000000000000e+00 -1.000000000000000e+00
zras   = 0.000000000000000e+00 1.000000000000000e+00 0.000000000000000e+00
cras   = 1.565738525390625e+02 3.027106628417969e+02 5.350557250976562e+02
dst volume info
valid = 1  # volume info valid
filename = /usr/local/freesurfer/subjects/3631/mri/norm.mgz
volume = 256 256 256
voxelsize = 1.000000000000000e+00 1.000000000000000e+00 1.000000000000000e+00
xras   = -1.000000000000000e+00 0.000000000000000e+00 0.000000000000000e+00
yras   = 0.000000000000000e+00 0.000000000000000e+00 -1.000000000000000e+00
zras   = 0.000000000000000e+00 1.000000000000000e+00 0.000000000000000e+00
cras   = 1.565738525390625e+02 3.027106628417969e+02 5.350557250976562e+02
