# transform file /usr/local/freesurfer/subjects/3805/mri/transforms/cc_up.lta
# created by ubuntu on Fri Jan 19 09:54:27 2018

type      = 0 # LINEAR_VOX_TO_VOX
nxforms   = 1
mean      = 129.0000 104.0000 116.0000
sigma     = 10000.0000
1 4 4
9.996005892753601e-01 2.766340598464012e-02 5.791744682937860e-03 -3.775929450988770e+00 
-2.766294218599796e-02 9.996173381805420e-01 -1.602807169547305e-04 4.364075088500977e+01 
-5.793962161988020e-03 0.000000000000000e+00 9.999833106994629e-01 1.475357913970947e+01 
0.000000000000000e+00 0.000000000000000e+00 0.000000000000000e+00 1.000000000000000e+00 
src volume info
valid = 1  # volume info valid
filename = /usr/local/freesurfer/subjects/3805/mri/norm.mgz
volume = 256 256 256
voxelsize = 1.000000000000000e+00 1.000000000000000e+00 1.000000000000000e+00
xras   = -1.000000000000000e+00 0.000000000000000e+00 0.000000000000000e+00
yras   = 0.000000000000000e+00 0.000000000000000e+00 -1.000000000000000e+00
zras   = 0.000000000000000e+00 1.000000000000000e+00 0.000000000000000e+00
cras   = 2.069930725097656e+02 2.785722961425781e+02 4.915899658203125e+02
dst volume info
valid = 1  # volume info valid
filename = /usr/local/freesurfer/subjects/3805/mri/norm.mgz
volume = 256 256 256
voxelsize = 1.000000000000000e+00 1.000000000000000e+00 1.000000000000000e+00
xras   = -1.000000000000000e+00 0.000000000000000e+00 0.000000000000000e+00
yras   = 0.000000000000000e+00 0.000000000000000e+00 -1.000000000000000e+00
zras   = 0.000000000000000e+00 1.000000000000000e+00 0.000000000000000e+00
cras   = 2.069930725097656e+02 2.785722961425781e+02 4.915899658203125e+02
