# transform file /usr/local/freesurfer/subjects/3176/mri/transforms/cc_up.lta
# created by ubuntu on Mon Jan  1 08:02:16 2018

type      = 0 # LINEAR_VOX_TO_VOX
nxforms   = 1
mean      = 129.0000 117.0000 123.0000
sigma     = 10000.0000
1 4 4
9.998757243156433e-01 -1.505035348236561e-02 -4.698542412370443e-03 2.513894557952881e+00 
1.505018677562475e-02 9.998867511749268e-01 -7.072273001540452e-05 3.010030364990234e+01 
4.699074663221836e-03 0.000000000000000e+00 9.999889731407166e-01 1.940227890014648e+01 
0.000000000000000e+00 0.000000000000000e+00 0.000000000000000e+00 1.000000000000000e+00 
src volume info
valid = 1  # volume info valid
filename = /usr/local/freesurfer/subjects/3176/mri/norm.mgz
volume = 256 256 256
voxelsize = 1.000000000000000e+00 1.000000000000000e+00 1.000000000000000e+00
xras   = -1.000000000000000e+00 0.000000000000000e+00 0.000000000000000e+00
yras   = 0.000000000000000e+00 0.000000000000000e+00 -1.000000000000000e+00
zras   = 0.000000000000000e+00 1.000000000000000e+00 0.000000000000000e+00
cras   = 2.240965270996094e+02 2.893660583496094e+02 5.327392578125000e+02
dst volume info
valid = 1  # volume info valid
filename = /usr/local/freesurfer/subjects/3176/mri/norm.mgz
volume = 256 256 256
voxelsize = 1.000000000000000e+00 1.000000000000000e+00 1.000000000000000e+00
xras   = -1.000000000000000e+00 0.000000000000000e+00 0.000000000000000e+00
yras   = 0.000000000000000e+00 0.000000000000000e+00 -1.000000000000000e+00
zras   = 0.000000000000000e+00 1.000000000000000e+00 0.000000000000000e+00
cras   = 2.240965270996094e+02 2.893660583496094e+02 5.327392578125000e+02
