# transform file /usr/local/freesurfer/subjects/3419/mri/transforms/cc_up.lta
# created by ubuntu on Wed Jan 17 21:34:06 2018

type      = 0 # LINEAR_VOX_TO_VOX
nxforms   = 1
mean      = 129.0000 120.0000 127.0000
sigma     = 10000.0000
1 4 4
9.808116555213928e-01 1.348338872194290e-01 -1.408129781484604e-01 3.645056962966919e+00 
-1.334654241800308e-01 9.908681511878967e-01 1.916133798658848e-02 4.803706359863281e+01 
1.421106904745102e-01 0.000000000000000e+00 9.898507595062256e-01 -5.331809997558594e+00 
0.000000000000000e+00 0.000000000000000e+00 0.000000000000000e+00 1.000000000000000e+00 
src volume info
valid = 1  # volume info valid
filename = /usr/local/freesurfer/subjects/3419/mri/norm.mgz
volume = 256 256 256
voxelsize = 1.000000000000000e+00 1.000000000000000e+00 1.000000000000000e+00
xras   = -1.000000000000000e+00 0.000000000000000e+00 0.000000000000000e+00
yras   = 0.000000000000000e+00 0.000000000000000e+00 -1.000000000000000e+00
zras   = 0.000000000000000e+00 1.000000000000000e+00 0.000000000000000e+00
cras   = 2.006000213623047e+02 3.108000183105469e+02 4.960000000000000e+02
dst volume info
valid = 1  # volume info valid
filename = /usr/local/freesurfer/subjects/3419/mri/norm.mgz
volume = 256 256 256
voxelsize = 1.000000000000000e+00 1.000000000000000e+00 1.000000000000000e+00
xras   = -1.000000000000000e+00 0.000000000000000e+00 0.000000000000000e+00
yras   = 0.000000000000000e+00 0.000000000000000e+00 -1.000000000000000e+00
zras   = 0.000000000000000e+00 1.000000000000000e+00 0.000000000000000e+00
cras   = 2.006000213623047e+02 3.108000183105469e+02 4.960000000000000e+02
