# transform file /usr/local/freesurfer/subjects/3314/mri/transforms/cc_up.lta
# created by ubuntu on Tue Jan  2 20:49:16 2018

type      = 0 # LINEAR_VOX_TO_VOX
nxforms   = 1
mean      = 130.0000 104.0000 106.0000
sigma     = 10000.0000
1 4 4
9.925129413604736e-01 1.067836433649063e-01 5.928910151124001e-02 -1.857567596435547e+01 
-1.065936237573624e-01 9.942822456359863e-01 -6.367513909935951e-03 4.014958953857422e+01 
-5.963005125522614e-02 0.000000000000000e+00 9.982205033302307e-01 5.900819396972656e+01 
0.000000000000000e+00 0.000000000000000e+00 0.000000000000000e+00 1.000000000000000e+00 
src volume info
valid = 1  # volume info valid
filename = /usr/local/freesurfer/subjects/3314/mri/norm.mgz
volume = 256 256 256
voxelsize = 1.000000000000000e+00 1.000000000000000e+00 1.000000000000000e+00
xras   = -1.000000000000000e+00 0.000000000000000e+00 0.000000000000000e+00
yras   = 0.000000000000000e+00 0.000000000000000e+00 -1.000000000000000e+00
zras   = 0.000000000000000e+00 1.000000000000000e+00 0.000000000000000e+00
cras   = 1.924456787109375e+02 2.660278015136719e+02 5.227600708007812e+02
dst volume info
valid = 1  # volume info valid
filename = /usr/local/freesurfer/subjects/3314/mri/norm.mgz
volume = 256 256 256
voxelsize = 1.000000000000000e+00 1.000000000000000e+00 1.000000000000000e+00
xras   = -1.000000000000000e+00 0.000000000000000e+00 0.000000000000000e+00
yras   = 0.000000000000000e+00 0.000000000000000e+00 -1.000000000000000e+00
zras   = 0.000000000000000e+00 1.000000000000000e+00 0.000000000000000e+00
cras   = 1.924456787109375e+02 2.660278015136719e+02 5.227600708007812e+02
