# transform file /usr/local/freesurfer/subjects/4082/mri/transforms/cc_up.lta
# created by ubuntu on Tue Jan 16 07:44:21 2018

type      = 0 # LINEAR_VOX_TO_VOX
nxforms   = 1
mean      = 127.0000 116.0000 103.0000
sigma     = 10000.0000
1 4 4
9.999173879623413e-01 2.089229878038168e-03 -1.269045565277338e-02 1.878175616264343e+00 
-2.089061774313450e-03 9.999979138374329e-01 2.651333670655731e-05 2.726327323913574e+01 
1.269048266112804e-02 0.000000000000000e+00 9.999195337295532e-01 4.139515304565430e+01 
0.000000000000000e+00 0.000000000000000e+00 0.000000000000000e+00 1.000000000000000e+00 
src volume info
valid = 1  # volume info valid
filename = /usr/local/freesurfer/subjects/4082/mri/norm.mgz
volume = 256 256 256
voxelsize = 1.000000000000000e+00 1.000000000000000e+00 1.000000000000000e+00
xras   = -1.000000000000000e+00 0.000000000000000e+00 0.000000000000000e+00
yras   = 0.000000000000000e+00 0.000000000000000e+00 -1.000000000000000e+00
zras   = 0.000000000000000e+00 1.000000000000000e+00 0.000000000000000e+00
cras   = 1.905842895507812e+02 2.680495605468750e+02 5.133785400390625e+02
dst volume info
valid = 1  # volume info valid
filename = /usr/local/freesurfer/subjects/4082/mri/norm.mgz
volume = 256 256 256
voxelsize = 1.000000000000000e+00 1.000000000000000e+00 1.000000000000000e+00
xras   = -1.000000000000000e+00 0.000000000000000e+00 0.000000000000000e+00
yras   = 0.000000000000000e+00 0.000000000000000e+00 -1.000000000000000e+00
zras   = 0.000000000000000e+00 1.000000000000000e+00 0.000000000000000e+00
cras   = 1.905842895507812e+02 2.680495605468750e+02 5.133785400390625e+02
