# transform file transforms/talairach_with_skull.lta
# created by ubuntu on Mon Jan 15 20:03:44 2018

type      = 0 # LINEAR_VOX_TO_VOX
nxforms   = 1
mean      = 127.0000 142.0000 127.0000
sigma     = 10000.0000
1 4 4
1.042492628097534e+00 3.730178624391556e-02 1.911539770662785e-02 -1.368409156799316e+01 
-3.412723913788795e-02 1.141410350799561e+00 5.800358653068542e-01 -5.922315216064453e+01 
-1.396205188939348e-04 -4.744639694690704e-01 9.503476023674011e-01 6.616783905029297e+01 
0.000000000000000e+00 0.000000000000000e+00 0.000000000000000e+00 1.000000000000000e+00 
src volume info
valid = 1  # volume info valid
filename = nu.mgz
volume = 256 256 256
voxelsize = 1.000000000000000e+00 1.000000000000000e+00 1.000000000000000e+00
xras   = -1.000000000000000e+00 0.000000000000000e+00 0.000000000000000e+00
yras   = 0.000000000000000e+00 0.000000000000000e+00 -1.000000000000000e+00
zras   = 0.000000000000000e+00 1.000000000000000e+00 0.000000000000000e+00
cras   = 1.905842895507812e+02 2.680495605468750e+02 5.133785400390625e+02
dst volume info
valid = 1  # volume info valid
filename = /usr/local/freesurfer/average/RB_all_withskull_2016-05-10.vc700.gca
volume = 256 256 256
voxelsize = 1.000000000000000e+00 1.000000000000000e+00 1.000000000000000e+00
xras   = -1.000000000000000e+00 0.000000000000000e+00 0.000000000000000e+00
yras   = 0.000000000000000e+00 0.000000000000000e+00 -1.000000000000000e+00
zras   = 0.000000000000000e+00 1.000000000000000e+00 0.000000000000000e+00
cras   = 0.000000000000000e+00 0.000000000000000e+00 0.000000000000000e+00
