# transform file /usr/local/freesurfer/subjects/4083/mri/transforms/cc_up.lta
# created by ubuntu on Tue Jan 16 08:53:07 2018

type      = 0 # LINEAR_VOX_TO_VOX
nxforms   = 1
mean      = 129.0000 121.0000 107.0000
sigma     = 10000.0000
1 4 4
9.983932971954346e-01 -4.707457870244980e-02 3.154354542493820e-02 1.344333410263062e+00 
4.705110192298889e-02 9.988914728164673e-01 1.486547058448195e-03 1.686746215820312e+01 
-3.157855570316315e-02 0.000000000000000e+00 9.995013475418091e-01 4.314960098266602e+01 
0.000000000000000e+00 0.000000000000000e+00 0.000000000000000e+00 1.000000000000000e+00 
src volume info
valid = 1  # volume info valid
filename = /usr/local/freesurfer/subjects/4083/mri/norm.mgz
volume = 256 256 256
voxelsize = 1.000000000000000e+00 1.000000000000000e+00 1.000000000000000e+00
xras   = -1.000000000000000e+00 0.000000000000000e+00 0.000000000000000e+00
yras   = 0.000000000000000e+00 0.000000000000000e+00 -1.000000000000000e+00
zras   = 0.000000000000000e+00 1.000000000000000e+00 0.000000000000000e+00
cras   = 2.063370971679688e+02 2.771557312011719e+02 5.092669677734375e+02
dst volume info
valid = 1  # volume info valid
filename = /usr/local/freesurfer/subjects/4083/mri/norm.mgz
volume = 256 256 256
voxelsize = 1.000000000000000e+00 1.000000000000000e+00 1.000000000000000e+00
xras   = -1.000000000000000e+00 0.000000000000000e+00 0.000000000000000e+00
yras   = 0.000000000000000e+00 0.000000000000000e+00 -1.000000000000000e+00
zras   = 0.000000000000000e+00 1.000000000000000e+00 0.000000000000000e+00
cras   = 2.063370971679688e+02 2.771557312011719e+02 5.092669677734375e+02
