# transform file /usr/local/freesurfer/subjects/3552/mri/transforms/cc_up.lta
# created by ubuntu on Tue Jan  9 09:10:45 2018

type      = 0 # LINEAR_VOX_TO_VOX
nxforms   = 1
mean      = 128.0000 109.0000 115.0000
sigma     = 10000.0000
1 4 4
9.998096823692322e-01 -1.935731619596481e-02 -2.458045957610011e-03 2.232319116592407e+00 
1.935725845396519e-02 9.998126626014709e-01 -4.759009607369080e-05 2.354590034484863e+01 
2.458506729453802e-03 3.637979240772582e-12 9.999970197677612e-01 3.268559646606445e+01 
0.000000000000000e+00 0.000000000000000e+00 0.000000000000000e+00 1.000000000000000e+00 
src volume info
valid = 1  # volume info valid
filename = /usr/local/freesurfer/subjects/3552/mri/norm.mgz
volume = 256 256 256
voxelsize = 1.000000000000000e+00 1.000000000000000e+00 1.000000000000000e+00
xras   = -1.000000000000000e+00 0.000000000000000e+00 0.000000000000000e+00
yras   = 0.000000000000000e+00 0.000000000000000e+00 -1.000000000000000e+00
zras   = 0.000000000000000e+00 1.000000000000000e+00 0.000000000000000e+00
cras   = 1.957698974609375e+02 2.939613647460938e+02 5.471195068359375e+02
dst volume info
valid = 1  # volume info valid
filename = /usr/local/freesurfer/subjects/3552/mri/norm.mgz
volume = 256 256 256
voxelsize = 1.000000000000000e+00 1.000000000000000e+00 1.000000000000000e+00
xras   = -1.000000000000000e+00 0.000000000000000e+00 0.000000000000000e+00
yras   = 0.000000000000000e+00 0.000000000000000e+00 -1.000000000000000e+00
zras   = 0.000000000000000e+00 1.000000000000000e+00 0.000000000000000e+00
cras   = 1.957698974609375e+02 2.939613647460938e+02 5.471195068359375e+02
