# transform file /usr/local/freesurfer/subjects/3635/mri/transforms/cc_up.lta
# created by ubuntu on Fri Jan 12 10:56:06 2018

type      = 0 # LINEAR_VOX_TO_VOX
nxforms   = 1
mean      = 130.0000 111.0000 117.0000
sigma     = 10000.0000
1 4 4
9.980096220970154e-01 -5.259582540020347e-04 6.305842101573944e-02 -7.998187541961670e+00 
5.249115056358278e-04 9.999997615814209e-01 3.316610309411772e-05 3.492845535278320e+01 
-6.305842846632004e-02 0.000000000000000e+00 9.980098009109497e-01 3.639661407470703e+01 
0.000000000000000e+00 0.000000000000000e+00 0.000000000000000e+00 1.000000000000000e+00 
src volume info
valid = 1  # volume info valid
filename = /usr/local/freesurfer/subjects/3635/mri/norm.mgz
volume = 256 256 256
voxelsize = 1.000000000000000e+00 1.000000000000000e+00 1.000000000000000e+00
xras   = -1.000000000000000e+00 0.000000000000000e+00 0.000000000000000e+00
yras   = 0.000000000000000e+00 0.000000000000000e+00 -1.000000000000000e+00
zras   = 0.000000000000000e+00 1.000000000000000e+00 0.000000000000000e+00
cras   = 2.117893371582031e+02 2.953159790039062e+02 5.411090087890625e+02
dst volume info
valid = 1  # volume info valid
filename = /usr/local/freesurfer/subjects/3635/mri/norm.mgz
volume = 256 256 256
voxelsize = 1.000000000000000e+00 1.000000000000000e+00 1.000000000000000e+00
xras   = -1.000000000000000e+00 0.000000000000000e+00 0.000000000000000e+00
yras   = 0.000000000000000e+00 0.000000000000000e+00 -1.000000000000000e+00
zras   = 0.000000000000000e+00 1.000000000000000e+00 0.000000000000000e+00
cras   = 2.117893371582031e+02 2.953159790039062e+02 5.411090087890625e+02
