# transform file /usr/local/freesurfer/subjects/3440/mri/transforms/cc_up.lta
# created by ubuntu on Fri Jan  5 14:58:57 2018

type      = 0 # LINEAR_VOX_TO_VOX
nxforms   = 1
mean      = 126.0000 112.0000 115.0000
sigma     = 10000.0000
1 4 4
9.999783039093018e-01 -6.506080972030759e-04 -6.568520329892635e-03 3.861908912658691e+00 
6.505940691567957e-04 9.999998807907104e-01 -4.273532795195933e-06 2.891986656188965e+01 
6.568521726876497e-03 -4.547474050965727e-13 9.999784827232361e-01 6.188114643096924e+00 
0.000000000000000e+00 0.000000000000000e+00 0.000000000000000e+00 1.000000000000000e+00 
src volume info
valid = 1  # volume info valid
filename = /usr/local/freesurfer/subjects/3440/mri/norm.mgz
volume = 256 256 256
voxelsize = 1.000000000000000e+00 1.000000000000000e+00 1.000000000000000e+00
xras   = -1.000000000000000e+00 0.000000000000000e+00 0.000000000000000e+00
yras   = 0.000000000000000e+00 0.000000000000000e+00 -1.000000000000000e+00
zras   = 0.000000000000000e+00 1.000000000000000e+00 0.000000000000000e+00
cras   = 1.884450073242188e+02 2.920356750488281e+02 5.249460449218750e+02
dst volume info
valid = 1  # volume info valid
filename = /usr/local/freesurfer/subjects/3440/mri/norm.mgz
volume = 256 256 256
voxelsize = 1.000000000000000e+00 1.000000000000000e+00 1.000000000000000e+00
xras   = -1.000000000000000e+00 0.000000000000000e+00 0.000000000000000e+00
yras   = 0.000000000000000e+00 0.000000000000000e+00 -1.000000000000000e+00
zras   = 0.000000000000000e+00 1.000000000000000e+00 0.000000000000000e+00
cras   = 1.884450073242188e+02 2.920356750488281e+02 5.249460449218750e+02
