# transform file /usr/local/freesurfer/subjects/4080/mri/transforms/cc_up.lta
# created by ubuntu on Tue Jan 16 09:04:23 2018

type      = 0 # LINEAR_VOX_TO_VOX
nxforms   = 1
mean      = 130.0000 116.0000 111.0000
sigma     = 10000.0000
1 4 4
9.988784790039062e-01 -4.657851532101631e-02 8.502547629177570e-03 4.756703376770020e+00 
4.657682776451111e-02 9.989146590232849e-01 3.964663192164153e-04 2.810451316833496e+01 
-8.511786349117756e-03 2.910383045673370e-11 9.999638199806213e-01 3.909276199340820e+01 
0.000000000000000e+00 0.000000000000000e+00 0.000000000000000e+00 1.000000000000000e+00 
src volume info
valid = 1  # volume info valid
filename = /usr/local/freesurfer/subjects/4080/mri/norm.mgz
volume = 256 256 256
voxelsize = 1.000000000000000e+00 1.000000000000000e+00 1.000000000000000e+00
xras   = -1.000000000000000e+00 0.000000000000000e+00 0.000000000000000e+00
yras   = 0.000000000000000e+00 0.000000000000000e+00 -1.000000000000000e+00
zras   = 0.000000000000000e+00 1.000000000000000e+00 0.000000000000000e+00
cras   = 1.994530334472656e+02 2.725000000000000e+02 5.062062988281250e+02
dst volume info
valid = 1  # volume info valid
filename = /usr/local/freesurfer/subjects/4080/mri/norm.mgz
volume = 256 256 256
voxelsize = 1.000000000000000e+00 1.000000000000000e+00 1.000000000000000e+00
xras   = -1.000000000000000e+00 0.000000000000000e+00 0.000000000000000e+00
yras   = 0.000000000000000e+00 0.000000000000000e+00 -1.000000000000000e+00
zras   = 0.000000000000000e+00 1.000000000000000e+00 0.000000000000000e+00
cras   = 1.994530334472656e+02 2.725000000000000e+02 5.062062988281250e+02
