# transform file /usr/local/freesurfer/subjects/3855/mri/transforms/cc_up.lta
# created by ubuntu on Sun Jan 14 11:22:04 2018

type      = 0 # LINEAR_VOX_TO_VOX
nxforms   = 1
mean      = 130.0000 115.0000 109.0000
sigma     = 10000.0000
1 4 4
9.998990297317505e-01 1.421041879802942e-02 -1.315838162554428e-04 -2.295510768890381e+00 
-1.421041879802942e-02 9.998990297317505e-01 1.870049914032279e-06 3.684235382080078e+01 
1.315971021540463e-04 0.000000000000000e+00 1.000000000000000e+00 2.898302841186523e+01 
0.000000000000000e+00 0.000000000000000e+00 0.000000000000000e+00 1.000000000000000e+00 
src volume info
valid = 1  # volume info valid
filename = /usr/local/freesurfer/subjects/3855/mri/norm.mgz
volume = 256 256 256
voxelsize = 1.000000000000000e+00 1.000000000000000e+00 1.000000000000000e+00
xras   = -1.000000000000000e+00 0.000000000000000e+00 0.000000000000000e+00
yras   = 0.000000000000000e+00 0.000000000000000e+00 -1.000000000000000e+00
zras   = 0.000000000000000e+00 1.000000000000000e+00 0.000000000000000e+00
cras   = 2.157096862792969e+02 2.776917114257812e+02 4.986057128906250e+02
dst volume info
valid = 1  # volume info valid
filename = /usr/local/freesurfer/subjects/3855/mri/norm.mgz
volume = 256 256 256
voxelsize = 1.000000000000000e+00 1.000000000000000e+00 1.000000000000000e+00
xras   = -1.000000000000000e+00 0.000000000000000e+00 0.000000000000000e+00
yras   = 0.000000000000000e+00 0.000000000000000e+00 -1.000000000000000e+00
zras   = 0.000000000000000e+00 1.000000000000000e+00 0.000000000000000e+00
cras   = 2.157096862792969e+02 2.776917114257812e+02 4.986057128906250e+02
