# transform file /usr/local/freesurfer/subjects/3532/mri/transforms/cc_up.lta
# created by ubuntu on Tue Jan  9 08:27:38 2018

type      = 0 # LINEAR_VOX_TO_VOX
nxforms   = 1
mean      = 127.0000 124.0000 106.0000
sigma     = 10000.0000
1 4 4
9.975105524063110e-01 5.082742869853973e-02 4.888036474585533e-02 -1.083183670043945e+01 
-5.076651275157928e-02 9.987074732780457e-01 -2.487678546458483e-03 2.497413063049316e+01 
-4.894362762570381e-02 0.000000000000000e+00 9.988015890121460e-01 3.847144699096680e+01 
0.000000000000000e+00 0.000000000000000e+00 0.000000000000000e+00 1.000000000000000e+00 
src volume info
valid = 1  # volume info valid
filename = /usr/local/freesurfer/subjects/3532/mri/norm.mgz
volume = 256 256 256
voxelsize = 1.000000000000000e+00 1.000000000000000e+00 1.000000000000000e+00
xras   = -1.000000000000000e+00 0.000000000000000e+00 0.000000000000000e+00
yras   = 0.000000000000000e+00 0.000000000000000e+00 -1.000000000000000e+00
zras   = 0.000000000000000e+00 1.000000000000000e+00 0.000000000000000e+00
cras   = 2.646192932128906e+02 3.509191284179688e+02 5.730999145507812e+02
dst volume info
valid = 1  # volume info valid
filename = /usr/local/freesurfer/subjects/3532/mri/norm.mgz
volume = 256 256 256
voxelsize = 1.000000000000000e+00 1.000000000000000e+00 1.000000000000000e+00
xras   = -1.000000000000000e+00 0.000000000000000e+00 0.000000000000000e+00
yras   = 0.000000000000000e+00 0.000000000000000e+00 -1.000000000000000e+00
zras   = 0.000000000000000e+00 1.000000000000000e+00 0.000000000000000e+00
cras   = 2.646192932128906e+02 3.509191284179688e+02 5.730999145507812e+02
