# transform file /usr/local/freesurfer/subjects/3541/mri/transforms/cc_up.lta
# created by ubuntu on Tue Jan  9 09:30:47 2018

type      = 0 # LINEAR_VOX_TO_VOX
nxforms   = 1
mean      = 130.0000 111.0000 113.0000
sigma     = 10000.0000
1 4 4
9.999389648437500e-01 5.683957133442163e-04 -1.104085054248571e-02 9.755700826644897e-01 
-5.683610797859728e-04 9.999998807907104e-01 6.275573014136171e-06 2.407275772094727e+01 
1.104085240513086e-02 4.547474050965727e-13 9.999390840530396e-01 3.358140182495117e+01 
0.000000000000000e+00 0.000000000000000e+00 0.000000000000000e+00 1.000000000000000e+00 
src volume info
valid = 1  # volume info valid
filename = /usr/local/freesurfer/subjects/3541/mri/norm.mgz
volume = 256 256 256
voxelsize = 1.000000000000000e+00 1.000000000000000e+00 1.000000000000000e+00
xras   = -1.000000000000000e+00 0.000000000000000e+00 0.000000000000000e+00
yras   = 0.000000000000000e+00 0.000000000000000e+00 -1.000000000000000e+00
zras   = 0.000000000000000e+00 1.000000000000000e+00 0.000000000000000e+00
cras   = 2.272523040771484e+02 3.173435668945312e+02 5.735858154296875e+02
dst volume info
valid = 1  # volume info valid
filename = /usr/local/freesurfer/subjects/3541/mri/norm.mgz
volume = 256 256 256
voxelsize = 1.000000000000000e+00 1.000000000000000e+00 1.000000000000000e+00
xras   = -1.000000000000000e+00 0.000000000000000e+00 0.000000000000000e+00
yras   = 0.000000000000000e+00 0.000000000000000e+00 -1.000000000000000e+00
zras   = 0.000000000000000e+00 1.000000000000000e+00 0.000000000000000e+00
cras   = 2.272523040771484e+02 3.173435668945312e+02 5.735858154296875e+02
