# transform file /usr/local/freesurfer/subjects/3307/mri/transforms/cc_up.lta
# created by ubuntu on Tue Jan  2 21:57:07 2018

type      = 0 # LINEAR_VOX_TO_VOX
nxforms   = 1
mean      = 129.0000 117.0000 127.0000
sigma     = 10000.0000
1 4 4
9.995630383491516e-01 1.779697020538151e-03 2.950904704630375e-02 -2.076484203338623e+00 
-1.778921927325428e-03 9.999985098838806e-01 -5.251723632682115e-05 2.623312187194824e+01 
-2.950909361243248e-02 -3.637979240772582e-12 9.995645880699158e-01 3.182071495056152e+01 
0.000000000000000e+00 0.000000000000000e+00 0.000000000000000e+00 1.000000000000000e+00 
src volume info
valid = 1  # volume info valid
filename = /usr/local/freesurfer/subjects/3307/mri/norm.mgz
volume = 256 256 256
voxelsize = 1.000000000000000e+00 1.000000000000000e+00 1.000000000000000e+00
xras   = -1.000000000000000e+00 0.000000000000000e+00 0.000000000000000e+00
yras   = 0.000000000000000e+00 0.000000000000000e+00 -1.000000000000000e+00
zras   = 0.000000000000000e+00 1.000000000000000e+00 0.000000000000000e+00
cras   = 1.988050537109375e+02 2.659481811523438e+02 5.201818847656250e+02
dst volume info
valid = 1  # volume info valid
filename = /usr/local/freesurfer/subjects/3307/mri/norm.mgz
volume = 256 256 256
voxelsize = 1.000000000000000e+00 1.000000000000000e+00 1.000000000000000e+00
xras   = -1.000000000000000e+00 0.000000000000000e+00 0.000000000000000e+00
yras   = 0.000000000000000e+00 0.000000000000000e+00 -1.000000000000000e+00
zras   = 0.000000000000000e+00 1.000000000000000e+00 0.000000000000000e+00
cras   = 1.988050537109375e+02 2.659481811523438e+02 5.201818847656250e+02
