# transform file /usr/local/freesurfer/subjects/3404/mri/transforms/cc_up.lta
# created by ubuntu on Fri Jan  5 14:44:57 2018

type      = 0 # LINEAR_VOX_TO_VOX
nxforms   = 1
mean      = 129.0000 113.0000 122.0000
sigma     = 10000.0000
1 4 4
9.931571483612061e-01 -2.999126911163330e-02 1.128696650266647e-01 -8.813329696655273e+00 
2.979944646358490e-02 9.995502233505249e-01 3.386627882719040e-03 3.082309150695801e+01 
-1.129204556345940e-01 -2.328306714094452e-10 9.936041235923767e-01 2.925246047973633e+01 
0.000000000000000e+00 0.000000000000000e+00 0.000000000000000e+00 1.000000000000000e+00 
src volume info
valid = 1  # volume info valid
filename = /usr/local/freesurfer/subjects/3404/mri/norm.mgz
volume = 256 256 256
voxelsize = 1.000000000000000e+00 1.000000000000000e+00 1.000000000000000e+00
xras   = -1.000000000000000e+00 0.000000000000000e+00 0.000000000000000e+00
yras   = 0.000000000000000e+00 0.000000000000000e+00 -1.000000000000000e+00
zras   = 0.000000000000000e+00 1.000000000000000e+00 0.000000000000000e+00
cras   = 2.259960632324219e+02 5.441372070312500e+02 7.838771362304688e+02
dst volume info
valid = 1  # volume info valid
filename = /usr/local/freesurfer/subjects/3404/mri/norm.mgz
volume = 256 256 256
voxelsize = 1.000000000000000e+00 1.000000000000000e+00 1.000000000000000e+00
xras   = -1.000000000000000e+00 0.000000000000000e+00 0.000000000000000e+00
yras   = 0.000000000000000e+00 0.000000000000000e+00 -1.000000000000000e+00
zras   = 0.000000000000000e+00 1.000000000000000e+00 0.000000000000000e+00
cras   = 2.259960632324219e+02 5.441372070312500e+02 7.838771362304688e+02
