# transform file /usr/local/freesurfer/subjects/3387/mri/transforms/cc_up.lta
# created by ubuntu on Thu Jan  4 12:12:23 2018

type      = 0 # LINEAR_VOX_TO_VOX
nxforms   = 1
mean      = 128.0000 137.0000 122.0000
sigma     = 10000.0000
1 4 4
9.992086291313171e-01 3.801080957055092e-02 -1.171178463846445e-02 -3.379552841186523e+00 
-3.800819814205170e-02 9.992772936820984e-01 4.454963782336563e-04 1.791429519653320e+01 
1.172025315463543e-02 -2.910382698728675e-11 9.999312758445740e-01 1.150235462188721e+01 
0.000000000000000e+00 0.000000000000000e+00 0.000000000000000e+00 1.000000000000000e+00 
src volume info
valid = 1  # volume info valid
filename = /usr/local/freesurfer/subjects/3387/mri/norm.mgz
volume = 256 256 256
voxelsize = 1.000000000000000e+00 1.000000000000000e+00 1.000000000000000e+00
xras   = -1.000000000000000e+00 0.000000000000000e+00 0.000000000000000e+00
yras   = 0.000000000000000e+00 0.000000000000000e+00 -1.000000000000000e+00
zras   = 0.000000000000000e+00 1.000000000000000e+00 0.000000000000000e+00
cras   = 2.173559265136719e+02 2.646370849609375e+02 5.231199340820312e+02
dst volume info
valid = 1  # volume info valid
filename = /usr/local/freesurfer/subjects/3387/mri/norm.mgz
volume = 256 256 256
voxelsize = 1.000000000000000e+00 1.000000000000000e+00 1.000000000000000e+00
xras   = -1.000000000000000e+00 0.000000000000000e+00 0.000000000000000e+00
yras   = 0.000000000000000e+00 0.000000000000000e+00 -1.000000000000000e+00
zras   = 0.000000000000000e+00 1.000000000000000e+00 0.000000000000000e+00
cras   = 2.173559265136719e+02 2.646370849609375e+02 5.231199340820312e+02
