# transform file /usr/local/freesurfer/subjects/3403/mri/transforms/cc_up.lta
# created by ubuntu on Thu Jan  4 14:58:47 2018

type      = 0 # LINEAR_VOX_TO_VOX
nxforms   = 1
mean      = 130.0000 120.0000 119.0000
sigma     = 10000.0000
1 4 4
9.973605871200562e-01 1.452824915759265e-03 7.259304821491241e-02 -7.614250183105469e+00 
-1.448991824872792e-03 9.999989867210388e-01 -1.054651002050377e-04 3.119836997985840e+01 
-7.259313017129898e-02 0.000000000000000e+00 9.973616003990173e-01 4.669251632690430e+01 
0.000000000000000e+00 0.000000000000000e+00 0.000000000000000e+00 1.000000000000000e+00 
src volume info
valid = 1  # volume info valid
filename = /usr/local/freesurfer/subjects/3403/mri/norm.mgz
volume = 256 256 256
voxelsize = 1.000000000000000e+00 1.000000000000000e+00 1.000000000000000e+00
xras   = -1.000000000000000e+00 0.000000000000000e+00 0.000000000000000e+00
yras   = 0.000000000000000e+00 0.000000000000000e+00 -1.000000000000000e+00
zras   = 0.000000000000000e+00 1.000000000000000e+00 0.000000000000000e+00
cras   = 2.105124511718750e+02 5.816928710937500e+02 8.040127563476562e+02
dst volume info
valid = 1  # volume info valid
filename = /usr/local/freesurfer/subjects/3403/mri/norm.mgz
volume = 256 256 256
voxelsize = 1.000000000000000e+00 1.000000000000000e+00 1.000000000000000e+00
xras   = -1.000000000000000e+00 0.000000000000000e+00 0.000000000000000e+00
yras   = 0.000000000000000e+00 0.000000000000000e+00 -1.000000000000000e+00
zras   = 0.000000000000000e+00 1.000000000000000e+00 0.000000000000000e+00
cras   = 2.105124511718750e+02 5.816928710937500e+02 8.040127563476562e+02
