# transform file /usr/local/freesurfer/subjects/3309/mri/transforms/cc_up.lta
# created by ubuntu on Tue Jan  2 21:14:49 2018

type      = 0 # LINEAR_VOX_TO_VOX
nxforms   = 1
mean      = 131.0000 117.0000 121.0000
sigma     = 10000.0000
1 4 4
9.994651079177856e-01 -2.969276346266270e-02 1.370435673743486e-02 4.851081073284149e-01 
2.968997135758400e-02 9.995590448379517e-01 4.070996947120875e-04 2.616882514953613e+01 
-1.371040102094412e-02 2.910383045673370e-11 9.999059438705444e-01 2.077888679504395e+01 
0.000000000000000e+00 0.000000000000000e+00 0.000000000000000e+00 1.000000000000000e+00 
src volume info
valid = 1  # volume info valid
filename = /usr/local/freesurfer/subjects/3309/mri/norm.mgz
volume = 256 256 256
voxelsize = 1.000000000000000e+00 1.000000000000000e+00 1.000000000000000e+00
xras   = -1.000000000000000e+00 0.000000000000000e+00 0.000000000000000e+00
yras   = 0.000000000000000e+00 0.000000000000000e+00 -1.000000000000000e+00
zras   = 0.000000000000000e+00 1.000000000000000e+00 0.000000000000000e+00
cras   = 1.949830322265625e+02 2.772457580566406e+02 5.175593261718750e+02
dst volume info
valid = 1  # volume info valid
filename = /usr/local/freesurfer/subjects/3309/mri/norm.mgz
volume = 256 256 256
voxelsize = 1.000000000000000e+00 1.000000000000000e+00 1.000000000000000e+00
xras   = -1.000000000000000e+00 0.000000000000000e+00 0.000000000000000e+00
yras   = 0.000000000000000e+00 0.000000000000000e+00 -1.000000000000000e+00
zras   = 0.000000000000000e+00 1.000000000000000e+00 0.000000000000000e+00
cras   = 1.949830322265625e+02 2.772457580566406e+02 5.175593261718750e+02
