# transform file /usr/local/freesurfer/subjects/3184/mri/transforms/cc_up.lta
# created by ubuntu on Mon Jan  1 07:17:59 2018

type      = 0 # LINEAR_VOX_TO_VOX
nxforms   = 1
mean      = 127.0000 106.0000 118.0000
sigma     = 10000.0000
1 4 4
9.976255893707275e-01 5.989598110318184e-02 -3.399094194173813e-02 6.225223541259766e-01 
-5.986124649643898e-02 9.982044696807861e-01 2.039582934230566e-03 5.149203872680664e+01 
3.405208140611649e-02 0.000000000000000e+00 9.994199872016907e-01 1.476068782806396e+01 
0.000000000000000e+00 0.000000000000000e+00 0.000000000000000e+00 1.000000000000000e+00 
src volume info
valid = 1  # volume info valid
filename = /usr/local/freesurfer/subjects/3184/mri/norm.mgz
volume = 256 256 256
voxelsize = 1.000000000000000e+00 1.000000000000000e+00 1.000000000000000e+00
xras   = -1.000000000000000e+00 0.000000000000000e+00 0.000000000000000e+00
yras   = 0.000000000000000e+00 0.000000000000000e+00 -1.000000000000000e+00
zras   = 0.000000000000000e+00 1.000000000000000e+00 0.000000000000000e+00
cras   = 1.993668823242188e+02 2.613517456054688e+02 5.233890991210938e+02
dst volume info
valid = 1  # volume info valid
filename = /usr/local/freesurfer/subjects/3184/mri/norm.mgz
volume = 256 256 256
voxelsize = 1.000000000000000e+00 1.000000000000000e+00 1.000000000000000e+00
xras   = -1.000000000000000e+00 0.000000000000000e+00 0.000000000000000e+00
yras   = 0.000000000000000e+00 0.000000000000000e+00 -1.000000000000000e+00
zras   = 0.000000000000000e+00 1.000000000000000e+00 0.000000000000000e+00
cras   = 1.993668823242188e+02 2.613517456054688e+02 5.233890991210938e+02
