# transform file transforms/talairach.lta
# created by ubuntu on Sun Dec 31 22:54:50 2017

type      = 0 # LINEAR_VOX_TO_VOX
nxforms   = 1
mean      = 127.0000 107.0000 117.0000
sigma     = 10000.0000
1 4 4
1.106119394302368e+00 6.891229003667831e-02 -3.905625082552433e-03 -1.886214637756348e+01 
-6.630866229534149e-02 1.112497925758362e+00 2.893162965774536e-01 -1.419369506835938e+01 
3.340994939208031e-02 -2.603427171707153e-01 1.002531766891479e+00 1.282292747497559e+01 
0.000000000000000e+00 0.000000000000000e+00 0.000000000000000e+00 1.000000000000000e+00 
src volume info
valid = 1  # volume info valid
filename = nu.mgz
volume = 256 256 256
voxelsize = 1.000000000000000e+00 1.000000000000000e+00 1.000000000000000e+00
xras   = -1.000000000000000e+00 0.000000000000000e+00 0.000000000000000e+00
yras   = 0.000000000000000e+00 0.000000000000000e+00 -1.000000000000000e+00
zras   = 0.000000000000000e+00 1.000000000000000e+00 0.000000000000000e+00
cras   = 1.993668823242188e+02 2.613517456054688e+02 5.233890991210938e+02
dst volume info
valid = 1  # volume info valid
filename = /usr/local/freesurfer/average/RB_all_2016-05-10.vc700.gca
volume = 256 256 256
voxelsize = 1.000000000000000e+00 1.000000000000000e+00 1.000000000000000e+00
xras   = -1.000000000000000e+00 0.000000000000000e+00 0.000000000000000e+00
yras   = 0.000000000000000e+00 0.000000000000000e+00 -1.000000000000000e+00
zras   = 0.000000000000000e+00 1.000000000000000e+00 0.000000000000000e+00
cras   = 0.000000000000000e+00 0.000000000000000e+00 0.000000000000000e+00
