# transform file transforms/talairach_with_skull.lta
# created by ubuntu on Sun Dec 31 22:17:26 2017

type      = 0 # LINEAR_VOX_TO_VOX
nxforms   = 1
mean      = 125.0000 141.0000 136.0000
sigma     = 10000.0000
1 4 4
1.130045890808105e+00 4.523710533976555e-02 -5.094815976917744e-03 -2.147599983215332e+01 
-7.576831430196762e-02 1.233981251716614e+00 3.297777175903320e-01 -3.048798561096191e+01 
1.842976547777653e-02 -2.614117860794067e-01 9.821450710296631e-01 1.857724380493164e+01 
0.000000000000000e+00 0.000000000000000e+00 0.000000000000000e+00 1.000000000000000e+00 
src volume info
valid = 1  # volume info valid
filename = nu.mgz
volume = 256 256 256
voxelsize = 1.000000000000000e+00 1.000000000000000e+00 1.000000000000000e+00
xras   = -1.000000000000000e+00 0.000000000000000e+00 0.000000000000000e+00
yras   = 0.000000000000000e+00 0.000000000000000e+00 -1.000000000000000e+00
zras   = 0.000000000000000e+00 1.000000000000000e+00 0.000000000000000e+00
cras   = 1.993668823242188e+02 2.613517456054688e+02 5.233890991210938e+02
dst volume info
valid = 1  # volume info valid
filename = /usr/local/freesurfer/average/RB_all_withskull_2016-05-10.vc700.gca
volume = 256 256 256
voxelsize = 1.000000000000000e+00 1.000000000000000e+00 1.000000000000000e+00
xras   = -1.000000000000000e+00 0.000000000000000e+00 0.000000000000000e+00
yras   = 0.000000000000000e+00 0.000000000000000e+00 -1.000000000000000e+00
zras   = 0.000000000000000e+00 1.000000000000000e+00 0.000000000000000e+00
cras   = 0.000000000000000e+00 0.000000000000000e+00 0.000000000000000e+00
