# transform file /usr/local/freesurfer/subjects/3536/mri/transforms/cc_up.lta
# created by ubuntu on Tue Jan  9 08:23:53 2018

type      = 0 # LINEAR_VOX_TO_VOX
nxforms   = 1
mean      = 130.0000 137.0000 115.0000
sigma     = 10000.0000
1 4 4
9.999350309371948e-01 -9.271969087421894e-03 -6.632861215621233e-03 7.896547317504883e-01 
9.271765127778053e-03 9.999570250511169e-01 -6.150232366053388e-05 9.815429687500000e+00 
6.633146665990353e-03 0.000000000000000e+00 9.999780058860779e-01 2.214663314819336e+01 
0.000000000000000e+00 0.000000000000000e+00 0.000000000000000e+00 1.000000000000000e+00 
src volume info
valid = 1  # volume info valid
filename = /usr/local/freesurfer/subjects/3536/mri/norm.mgz
volume = 256 256 256
voxelsize = 1.000000000000000e+00 1.000000000000000e+00 1.000000000000000e+00
xras   = -9.999999403953552e-01 0.000000000000000e+00 0.000000000000000e+00
yras   = 0.000000000000000e+00 0.000000000000000e+00 -1.000000000000000e+00
zras   = 0.000000000000000e+00 1.000000000000000e+00 0.000000000000000e+00
cras   = 2.389674072265625e+02 2.898927307128906e+02 5.475285034179688e+02
dst volume info
valid = 1  # volume info valid
filename = /usr/local/freesurfer/subjects/3536/mri/norm.mgz
volume = 256 256 256
voxelsize = 1.000000000000000e+00 1.000000000000000e+00 1.000000000000000e+00
xras   = -9.999999403953552e-01 0.000000000000000e+00 0.000000000000000e+00
yras   = 0.000000000000000e+00 0.000000000000000e+00 -1.000000000000000e+00
zras   = 0.000000000000000e+00 1.000000000000000e+00 0.000000000000000e+00
cras   = 2.389674072265625e+02 2.898927307128906e+02 5.475285034179688e+02
