# transform file /usr/local/freesurfer/subjects/3428/mri/transforms/cc_up.lta
# created by ubuntu on Wed Jan 17 21:20:08 2018

type      = 0 # LINEAR_VOX_TO_VOX
nxforms   = 1
mean      = 130.0000 110.0000 128.0000
sigma     = 10000.0000
1 4 4
9.988259673118591e-01 4.806118085980415e-02 6.064871326088905e-03 -6.118426322937012e+00 
-4.806029424071312e-02 9.988443851470947e-01 -2.918220998253673e-04 4.234690093994141e+01 
-6.071887910366058e-03 0.000000000000000e+00 9.999815821647644e-01 6.786178112030029e+00 
0.000000000000000e+00 0.000000000000000e+00 0.000000000000000e+00 1.000000000000000e+00 
src volume info
valid = 1  # volume info valid
filename = /usr/local/freesurfer/subjects/3428/mri/norm.mgz
volume = 256 256 256
voxelsize = 1.000000000000000e+00 1.000000000000000e+00 1.000000000000000e+00
xras   = -1.000000000000000e+00 0.000000000000000e+00 0.000000000000000e+00
yras   = 0.000000000000000e+00 0.000000000000000e+00 -1.000000000000000e+00
zras   = 0.000000000000000e+00 1.000000119209290e+00 0.000000000000000e+00
cras   = 1.967630157470703e+02 3.048669128417969e+02 5.108785705566406e+02
dst volume info
valid = 1  # volume info valid
filename = /usr/local/freesurfer/subjects/3428/mri/norm.mgz
volume = 256 256 256
voxelsize = 1.000000000000000e+00 1.000000000000000e+00 1.000000000000000e+00
xras   = -1.000000000000000e+00 0.000000000000000e+00 0.000000000000000e+00
yras   = 0.000000000000000e+00 0.000000000000000e+00 -1.000000000000000e+00
zras   = 0.000000000000000e+00 1.000000119209290e+00 0.000000000000000e+00
cras   = 1.967630157470703e+02 3.048669128417969e+02 5.108785705566406e+02
