# transform file /usr/local/freesurfer/subjects/3630/mri/transforms/cc_up.lta
# created by ubuntu on Fri Jan 12 10:23:42 2018

type      = 0 # LINEAR_VOX_TO_VOX
nxforms   = 1
mean      = 128.0000 111.0000 111.0000
sigma     = 10000.0000
1 4 4
9.996224641799927e-01 -1.141915284097195e-02 2.499823644757271e-02 -3.491370677947998e-01 
1.141558401286602e-02 9.999349713325500e-01 2.854772319551557e-04 3.652839660644531e+01 
-2.499986626207829e-02 2.910383739562761e-11 9.996876120567322e-01 3.420530319213867e+01 
0.000000000000000e+00 0.000000000000000e+00 0.000000000000000e+00 1.000000000000000e+00 
src volume info
valid = 1  # volume info valid
filename = /usr/local/freesurfer/subjects/3630/mri/norm.mgz
volume = 256 256 256
voxelsize = 1.000000000000000e+00 1.000000000000000e+00 1.000000000000000e+00
xras   = -1.000000000000000e+00 0.000000000000000e+00 0.000000000000000e+00
yras   = 0.000000000000000e+00 0.000000000000000e+00 -1.000000000000000e+00
zras   = 0.000000000000000e+00 1.000000000000000e+00 0.000000000000000e+00
cras   = 2.294382781982422e+02 3.010451049804688e+02 5.371711425781250e+02
dst volume info
valid = 1  # volume info valid
filename = /usr/local/freesurfer/subjects/3630/mri/norm.mgz
volume = 256 256 256
voxelsize = 1.000000000000000e+00 1.000000000000000e+00 1.000000000000000e+00
xras   = -1.000000000000000e+00 0.000000000000000e+00 0.000000000000000e+00
yras   = 0.000000000000000e+00 0.000000000000000e+00 -1.000000000000000e+00
zras   = 0.000000000000000e+00 1.000000000000000e+00 0.000000000000000e+00
cras   = 2.294382781982422e+02 3.010451049804688e+02 5.371711425781250e+02
