# transform file /usr/local/freesurfer/subjects/3787/mri/transforms/cc_up.lta
# created by ubuntu on Fri Jan 19 10:36:58 2018

type      = 0 # LINEAR_VOX_TO_VOX
nxforms   = 1
mean      = 128.0000 92.0000 109.0000
sigma     = 10000.0000
1 4 4
9.956573843955994e-01 -6.835049483925104e-03 9.284236282110214e-02 -8.504146575927734e+00 
6.805526558309793e-03 9.999766945838928e-01 6.345969741232693e-04 5.606531143188477e+01 
-9.284453094005585e-02 0.000000000000000e+00 9.956806302070618e-01 4.134472656250000e+01 
0.000000000000000e+00 0.000000000000000e+00 0.000000000000000e+00 1.000000000000000e+00 
src volume info
valid = 1  # volume info valid
filename = /usr/local/freesurfer/subjects/3787/mri/norm.mgz
volume = 256 256 256
voxelsize = 1.000000000000000e+00 1.000000000000000e+00 1.000000000000000e+00
xras   = -1.000000000000000e+00 0.000000000000000e+00 0.000000000000000e+00
yras   = 0.000000000000000e+00 0.000000000000000e+00 -1.000000000000000e+00
zras   = 0.000000000000000e+00 1.000000000000000e+00 0.000000000000000e+00
cras   = 2.019269409179688e+02 2.767927856445312e+02 5.231855468750000e+02
dst volume info
valid = 1  # volume info valid
filename = /usr/local/freesurfer/subjects/3787/mri/norm.mgz
volume = 256 256 256
voxelsize = 1.000000000000000e+00 1.000000000000000e+00 1.000000000000000e+00
xras   = -1.000000000000000e+00 0.000000000000000e+00 0.000000000000000e+00
yras   = 0.000000000000000e+00 0.000000000000000e+00 -1.000000000000000e+00
zras   = 0.000000000000000e+00 1.000000000000000e+00 0.000000000000000e+00
cras   = 2.019269409179688e+02 2.767927856445312e+02 5.231855468750000e+02
