# transform file /usr/local/freesurfer/subjects/3420/mri/transforms/cc_up.lta
# created by ubuntu on Wed Jan 17 21:35:13 2018

type      = 0 # LINEAR_VOX_TO_VOX
nxforms   = 1
mean      = 129.0000 122.0000 106.0000
sigma     = 10000.0000
1 4 4
9.977971315383911e-01 6.391446292400360e-02 -1.777134276926517e-02 -3.740735769271851e+00 
-6.390433013439178e-02 9.979553818702698e-01 1.138173043727875e-03 3.316231918334961e+01 
1.780775189399719e-02 0.000000000000000e+00 9.998414516448975e-01 2.676845550537109e+01 
0.000000000000000e+00 0.000000000000000e+00 0.000000000000000e+00 1.000000000000000e+00 
src volume info
valid = 1  # volume info valid
filename = /usr/local/freesurfer/subjects/3420/mri/norm.mgz
volume = 256 256 256
voxelsize = 1.000000000000000e+00 1.000000000000000e+00 1.000000000000000e+00
xras   = -1.000000000000000e+00 0.000000000000000e+00 0.000000000000000e+00
yras   = 0.000000000000000e+00 0.000000000000000e+00 -1.000000000000000e+00
zras   = 0.000000000000000e+00 1.000000000000000e+00 0.000000000000000e+00
cras   = 1.573605194091797e+02 3.061400146484375e+02 5.261160278320312e+02
dst volume info
valid = 1  # volume info valid
filename = /usr/local/freesurfer/subjects/3420/mri/norm.mgz
volume = 256 256 256
voxelsize = 1.000000000000000e+00 1.000000000000000e+00 1.000000000000000e+00
xras   = -1.000000000000000e+00 0.000000000000000e+00 0.000000000000000e+00
yras   = 0.000000000000000e+00 0.000000000000000e+00 -1.000000000000000e+00
zras   = 0.000000000000000e+00 1.000000000000000e+00 0.000000000000000e+00
cras   = 1.573605194091797e+02 3.061400146484375e+02 5.261160278320312e+02
