# transform file /usr/local/freesurfer/subjects/3633/mri/transforms/cc_up.lta
# created by ubuntu on Fri Jan 12 11:02:35 2018

type      = 0 # LINEAR_VOX_TO_VOX
nxforms   = 1
mean      = 128.0000 110.0000 109.0000
sigma     = 10000.0000
1 4 4
9.986905455589294e-01 -5.042774975299835e-02 8.606308139860630e-03 4.341216087341309e+00 
5.042587965726852e-02 9.987276196479797e-01 4.345497000031173e-04 3.264284515380859e+01 
-8.617271669209003e-03 0.000000000000000e+00 9.999628067016602e-01 2.710194015502930e+01 
0.000000000000000e+00 0.000000000000000e+00 0.000000000000000e+00 1.000000000000000e+00 
src volume info
valid = 1  # volume info valid
filename = /usr/local/freesurfer/subjects/3633/mri/norm.mgz
volume = 256 256 256
voxelsize = 1.000000000000000e+00 1.000000000000000e+00 1.000000000000000e+00
xras   = -1.000000000000000e+00 0.000000000000000e+00 0.000000000000000e+00
yras   = 0.000000000000000e+00 0.000000000000000e+00 -1.000000000000000e+00
zras   = 0.000000000000000e+00 1.000000000000000e+00 0.000000000000000e+00
cras   = 1.924626464843750e+02 2.963005371093750e+02 5.386730957031250e+02
dst volume info
valid = 1  # volume info valid
filename = /usr/local/freesurfer/subjects/3633/mri/norm.mgz
volume = 256 256 256
voxelsize = 1.000000000000000e+00 1.000000000000000e+00 1.000000000000000e+00
xras   = -1.000000000000000e+00 0.000000000000000e+00 0.000000000000000e+00
yras   = 0.000000000000000e+00 0.000000000000000e+00 -1.000000000000000e+00
zras   = 0.000000000000000e+00 1.000000000000000e+00 0.000000000000000e+00
cras   = 1.924626464843750e+02 2.963005371093750e+02 5.386730957031250e+02
