# transform file /usr/local/freesurfer/subjects/3175/mri/transforms/cc_up.lta
# created by ubuntu on Mon Jan  1 07:47:20 2018

type      = 0 # LINEAR_VOX_TO_VOX
nxforms   = 1
mean      = 130.0000 109.0000 125.0000
sigma     = 10000.0000
1 4 4
9.973868131637573e-01 -5.457778647542000e-02 4.733921959996223e-02 -6.547676324844360e-01 
5.451641604304314e-02 9.985095858573914e-01 2.587526105344296e-03 3.378330993652344e+01 
-4.740988463163376e-02 0.000000000000000e+00 9.988756179809570e-01 2.026039314270020e+01 
0.000000000000000e+00 0.000000000000000e+00 0.000000000000000e+00 1.000000000000000e+00 
src volume info
valid = 1  # volume info valid
filename = /usr/local/freesurfer/subjects/3175/mri/norm.mgz
volume = 256 256 256
voxelsize = 1.000000000000000e+00 1.000000000000000e+00 1.000000000000000e+00
xras   = -1.000000000000000e+00 0.000000000000000e+00 0.000000000000000e+00
yras   = 0.000000000000000e+00 0.000000000000000e+00 -1.000000000000000e+00
zras   = 0.000000000000000e+00 1.000000000000000e+00 0.000000000000000e+00
cras   = 2.160545654296875e+02 2.958132629394531e+02 5.307650146484375e+02
dst volume info
valid = 1  # volume info valid
filename = /usr/local/freesurfer/subjects/3175/mri/norm.mgz
volume = 256 256 256
voxelsize = 1.000000000000000e+00 1.000000000000000e+00 1.000000000000000e+00
xras   = -1.000000000000000e+00 0.000000000000000e+00 0.000000000000000e+00
yras   = 0.000000000000000e+00 0.000000000000000e+00 -1.000000000000000e+00
zras   = 0.000000000000000e+00 1.000000000000000e+00 0.000000000000000e+00
cras   = 2.160545654296875e+02 2.958132629394531e+02 5.307650146484375e+02
