# transform file /usr/local/freesurfer/subjects/3629/mri/transforms/cc_up.lta
# created by ubuntu on Fri Jan 12 10:56:24 2018

type      = 0 # LINEAR_VOX_TO_VOX
nxforms   = 1
mean      = 128.0000 104.0000 118.0000
sigma     = 10000.0000
1 4 4
9.991729855537415e-01 -1.611638814210892e-03 4.062938317656517e-02 -4.108517169952393e+00 
1.610307954251766e-03 9.999986886978149e-01 6.547997327288613e-05 4.578536605834961e+01 
-4.062943533062935e-02 0.000000000000000e+00 9.991742968559265e-01 2.632955551147461e+01 
0.000000000000000e+00 0.000000000000000e+00 0.000000000000000e+00 1.000000000000000e+00 
src volume info
valid = 1  # volume info valid
filename = /usr/local/freesurfer/subjects/3629/mri/norm.mgz
volume = 256 256 256
voxelsize = 1.000000000000000e+00 1.000000000000000e+00 1.000000000000000e+00
xras   = -1.000000000000000e+00 0.000000000000000e+00 0.000000000000000e+00
yras   = 0.000000000000000e+00 0.000000000000000e+00 -1.000000000000000e+00
zras   = 0.000000000000000e+00 1.000000000000000e+00 0.000000000000000e+00
cras   = 1.881815795898438e+02 2.971319580078125e+02 5.392930297851562e+02
dst volume info
valid = 1  # volume info valid
filename = /usr/local/freesurfer/subjects/3629/mri/norm.mgz
volume = 256 256 256
voxelsize = 1.000000000000000e+00 1.000000000000000e+00 1.000000000000000e+00
xras   = -1.000000000000000e+00 0.000000000000000e+00 0.000000000000000e+00
yras   = 0.000000000000000e+00 0.000000000000000e+00 -1.000000000000000e+00
zras   = 0.000000000000000e+00 1.000000000000000e+00 0.000000000000000e+00
cras   = 1.881815795898438e+02 2.971319580078125e+02 5.392930297851562e+02
