# transform file /usr/local/freesurfer/subjects/3554/mri/transforms/cc_up.lta
# created by ubuntu on Tue Jan  9 09:09:15 2018

type      = 0 # LINEAR_VOX_TO_VOX
nxforms   = 1
mean      = 130.0000 134.0000 106.0000
sigma     = 10000.0000
1 4 4
9.999699592590332e-01 2.428254578262568e-03 -7.360978052020073e-03 -1.652080178260803e+00 
-2.428188920021057e-03 9.999970197677612e-01 1.787438304745592e-05 1.231448650360107e+01 
7.360999938100576e-03 -1.818989403545856e-12 9.999729394912720e-01 4.204537200927734e+01 
0.000000000000000e+00 0.000000000000000e+00 0.000000000000000e+00 1.000000000000000e+00 
src volume info
valid = 1  # volume info valid
filename = /usr/local/freesurfer/subjects/3554/mri/norm.mgz
volume = 256 256 256
voxelsize = 1.000000000000000e+00 1.000000000000000e+00 1.000000000000000e+00
xras   = -1.000000000000000e+00 0.000000000000000e+00 0.000000000000000e+00
yras   = 0.000000000000000e+00 0.000000000000000e+00 -1.000000000000000e+00
zras   = 0.000000000000000e+00 1.000000000000000e+00 0.000000000000000e+00
cras   = 2.001519470214844e+02 2.687785949707031e+02 5.430858154296875e+02
dst volume info
valid = 1  # volume info valid
filename = /usr/local/freesurfer/subjects/3554/mri/norm.mgz
volume = 256 256 256
voxelsize = 1.000000000000000e+00 1.000000000000000e+00 1.000000000000000e+00
xras   = -1.000000000000000e+00 0.000000000000000e+00 0.000000000000000e+00
yras   = 0.000000000000000e+00 0.000000000000000e+00 -1.000000000000000e+00
zras   = 0.000000000000000e+00 1.000000000000000e+00 0.000000000000000e+00
cras   = 2.001519470214844e+02 2.687785949707031e+02 5.430858154296875e+02
