# transform file /usr/local/freesurfer/subjects/3444/mri/transforms/cc_up.lta
# created by ubuntu on Fri Jan  5 15:46:21 2018

type      = 0 # LINEAR_VOX_TO_VOX
nxforms   = 1
mean      = 132.0000 118.0000 111.0000
sigma     = 10000.0000
1 4 4
9.988420605659485e-01 1.631109975278378e-02 4.526207223534584e-02 -9.532749176025391e+00 
-1.629437878727913e-02 9.998670220375061e-01 -7.383723859675229e-04 2.024528121948242e+01 
-4.526809602975845e-02 0.000000000000000e+00 9.989749789237976e-01 4.810881805419922e+01 
0.000000000000000e+00 0.000000000000000e+00 0.000000000000000e+00 1.000000000000000e+00 
src volume info
valid = 1  # volume info valid
filename = /usr/local/freesurfer/subjects/3444/mri/norm.mgz
volume = 256 256 256
voxelsize = 1.000000000000000e+00 1.000000000000000e+00 1.000000000000000e+00
xras   = -1.000000000000000e+00 0.000000000000000e+00 0.000000000000000e+00
yras   = 0.000000000000000e+00 0.000000000000000e+00 -1.000000000000000e+00
zras   = 0.000000000000000e+00 1.000000000000000e+00 0.000000000000000e+00
cras   = 1.838110198974609e+02 3.007619018554688e+02 5.255310668945312e+02
dst volume info
valid = 1  # volume info valid
filename = /usr/local/freesurfer/subjects/3444/mri/norm.mgz
volume = 256 256 256
voxelsize = 1.000000000000000e+00 1.000000000000000e+00 1.000000000000000e+00
xras   = -1.000000000000000e+00 0.000000000000000e+00 0.000000000000000e+00
yras   = 0.000000000000000e+00 0.000000000000000e+00 -1.000000000000000e+00
zras   = 0.000000000000000e+00 1.000000000000000e+00 0.000000000000000e+00
cras   = 1.838110198974609e+02 3.007619018554688e+02 5.255310668945312e+02
