# transform file /usr/local/freesurfer/subjects/3308/mri/transforms/cc_up.lta
# created by ubuntu on Tue Jan  2 21:10:05 2018

type      = 0 # LINEAR_VOX_TO_VOX
nxforms   = 1
mean      = 129.0000 116.0000 122.0000
sigma     = 10000.0000
1 4 4
9.980067610740662e-01 4.739291593432426e-02 4.166993126273155e-02 -1.143129634857178e+01 
-4.735165834426880e-02 9.988762736320496e-01 -1.977081177756190e-03 3.850749969482422e+01 
-4.171680659055710e-02 0.000000000000000e+00 9.991294741630554e-01 2.354222106933594e+01 
0.000000000000000e+00 0.000000000000000e+00 0.000000000000000e+00 1.000000000000000e+00 
src volume info
valid = 1  # volume info valid
filename = /usr/local/freesurfer/subjects/3308/mri/norm.mgz
volume = 256 256 256
voxelsize = 1.000000000000000e+00 1.000000000000000e+00 1.000000000000000e+00
xras   = -1.000000000000000e+00 0.000000000000000e+00 0.000000000000000e+00
yras   = 0.000000000000000e+00 0.000000000000000e+00 -1.000000000000000e+00
zras   = 0.000000000000000e+00 1.000000000000000e+00 0.000000000000000e+00
cras   = 1.990508422851562e+02 2.711440734863281e+02 5.209491577148438e+02
dst volume info
valid = 1  # volume info valid
filename = /usr/local/freesurfer/subjects/3308/mri/norm.mgz
volume = 256 256 256
voxelsize = 1.000000000000000e+00 1.000000000000000e+00 1.000000000000000e+00
xras   = -1.000000000000000e+00 0.000000000000000e+00 0.000000000000000e+00
yras   = 0.000000000000000e+00 0.000000000000000e+00 -1.000000000000000e+00
zras   = 0.000000000000000e+00 1.000000000000000e+00 0.000000000000000e+00
cras   = 1.990508422851562e+02 2.711440734863281e+02 5.209491577148438e+02
