# transform file /usr/local/freesurfer/subjects/4081/mri/transforms/cc_up.lta
# created by ubuntu on Tue Jan 16 09:22:13 2018

type      = 0 # LINEAR_VOX_TO_VOX
nxforms   = 1
mean      = 128.0000 107.0000 115.0000
sigma     = 10000.0000
1 4 4
9.969854950904846e-01 8.385732769966125e-03 7.713399827480316e-02 -5.612412929534912e+00 
-8.360747247934341e-03 9.999648928642273e-01 -6.468477658927441e-04 3.112542533874512e+01 
-7.713671028614044e-02 0.000000000000000e+00 9.970205426216125e-01 4.507345199584961e+01 
0.000000000000000e+00 0.000000000000000e+00 0.000000000000000e+00 1.000000000000000e+00 
src volume info
valid = 1  # volume info valid
filename = /usr/local/freesurfer/subjects/4081/mri/norm.mgz
volume = 256 256 256
voxelsize = 1.000000000000000e+00 1.000000000000000e+00 1.000000000000000e+00
xras   = -1.000000000000000e+00 0.000000000000000e+00 0.000000000000000e+00
yras   = 0.000000000000000e+00 0.000000000000000e+00 -1.000000000000000e+00
zras   = 0.000000000000000e+00 1.000000000000000e+00 0.000000000000000e+00
cras   = 2.220187683105469e+02 2.999941101074219e+02 5.108109130859375e+02
dst volume info
valid = 1  # volume info valid
filename = /usr/local/freesurfer/subjects/4081/mri/norm.mgz
volume = 256 256 256
voxelsize = 1.000000000000000e+00 1.000000000000000e+00 1.000000000000000e+00
xras   = -1.000000000000000e+00 0.000000000000000e+00 0.000000000000000e+00
yras   = 0.000000000000000e+00 0.000000000000000e+00 -1.000000000000000e+00
zras   = 0.000000000000000e+00 1.000000000000000e+00 0.000000000000000e+00
cras   = 2.220187683105469e+02 2.999941101074219e+02 5.108109130859375e+02
