# transform file /usr/local/freesurfer/subjects/3551/mri/transforms/cc_up.lta
# created by ubuntu on Tue Jan  9 08:26:21 2018

type      = 0 # LINEAR_VOX_TO_VOX
nxforms   = 1
mean      = 128.0000 117.0000 115.0000
sigma     = 10000.0000
1 4 4
9.984802007675171e-01 -4.560485854744911e-02 3.094295971095562e-02 1.064400553703308e+00 
4.558297246694565e-02 9.989595413208008e-01 1.412618905305862e-03 2.005320358276367e+01 
-3.097518719732761e-02 1.164153218269348e-10 9.995201826095581e-01 4.206995391845703e+01 
0.000000000000000e+00 0.000000000000000e+00 0.000000000000000e+00 1.000000000000000e+00 
src volume info
valid = 1  # volume info valid
filename = /usr/local/freesurfer/subjects/3551/mri/norm.mgz
volume = 256 256 256
voxelsize = 1.000000000000000e+00 1.000000000000000e+00 1.000000000000000e+00
xras   = -1.000000000000000e+00 0.000000000000000e+00 0.000000000000000e+00
yras   = 0.000000000000000e+00 0.000000000000000e+00 -1.000000000000000e+00
zras   = 0.000000000000000e+00 1.000000000000000e+00 0.000000000000000e+00
cras   = 2.243086853027344e+02 2.799576416015625e+02 5.289837646484375e+02
dst volume info
valid = 1  # volume info valid
filename = /usr/local/freesurfer/subjects/3551/mri/norm.mgz
volume = 256 256 256
voxelsize = 1.000000000000000e+00 1.000000000000000e+00 1.000000000000000e+00
xras   = -1.000000000000000e+00 0.000000000000000e+00 0.000000000000000e+00
yras   = 0.000000000000000e+00 0.000000000000000e+00 -1.000000000000000e+00
zras   = 0.000000000000000e+00 1.000000000000000e+00 0.000000000000000e+00
cras   = 2.243086853027344e+02 2.799576416015625e+02 5.289837646484375e+02
