# transform file /usr/local/freesurfer/subjects/3390/mri/transforms/cc_up.lta
# created by ubuntu on Thu Jan  4 11:39:03 2018

type      = 0 # LINEAR_VOX_TO_VOX
nxforms   = 1
mean      = 128.0000 129.0000 120.0000
sigma     = 10000.0000
1 4 4
9.999783635139465e-01 2.876603743061423e-03 -5.915975663810968e-03 -1.182882308959961e+00 
-2.876553684473038e-03 9.999958276748657e-01 1.701799010334071e-05 1.737114906311035e+01 
5.916000343859196e-03 -1.818989403545856e-12 9.999825358390808e-01 1.723569869995117e+01 
0.000000000000000e+00 0.000000000000000e+00 0.000000000000000e+00 1.000000000000000e+00 
src volume info
valid = 1  # volume info valid
filename = /usr/local/freesurfer/subjects/3390/mri/norm.mgz
volume = 256 256 256
voxelsize = 1.000000000000000e+00 1.000000000000000e+00 1.000000000000000e+00
xras   = -1.000000000000000e+00 0.000000000000000e+00 0.000000000000000e+00
yras   = 0.000000000000000e+00 0.000000000000000e+00 -1.000000000000000e+00
zras   = 0.000000000000000e+00 1.000000000000000e+00 0.000000000000000e+00
cras   = 2.044745788574219e+02 2.718220214843750e+02 5.277288208007812e+02
dst volume info
valid = 1  # volume info valid
filename = /usr/local/freesurfer/subjects/3390/mri/norm.mgz
volume = 256 256 256
voxelsize = 1.000000000000000e+00 1.000000000000000e+00 1.000000000000000e+00
xras   = -1.000000000000000e+00 0.000000000000000e+00 0.000000000000000e+00
yras   = 0.000000000000000e+00 0.000000000000000e+00 -1.000000000000000e+00
zras   = 0.000000000000000e+00 1.000000000000000e+00 0.000000000000000e+00
cras   = 2.044745788574219e+02 2.718220214843750e+02 5.277288208007812e+02
