# transform file /usr/local/freesurfer/subjects/3857/mri/transforms/cc_up.lta
# created by ubuntu on Sun Jan 14 11:01:51 2018

type      = 0 # LINEAR_VOX_TO_VOX
nxforms   = 1
mean      = 128.0000 104.0000 119.0000
sigma     = 10000.0000
1 4 4
9.999586939811707e-01 5.259240046143532e-03 -7.425773423165083e-03 4.375984668731689e-01 
-5.259095225483179e-03 9.999862313270569e-01 3.905446646967903e-05 4.566975021362305e+01 
7.425875868648291e-03 -3.637979240772582e-12 9.999725222587585e-01 1.005270862579346e+01 
0.000000000000000e+00 0.000000000000000e+00 0.000000000000000e+00 1.000000000000000e+00 
src volume info
valid = 1  # volume info valid
filename = /usr/local/freesurfer/subjects/3857/mri/norm.mgz
volume = 256 256 256
voxelsize = 1.000000000000000e+00 1.000000000000000e+00 1.000000000000000e+00
xras   = -1.000000000000000e+00 0.000000000000000e+00 0.000000000000000e+00
yras   = 0.000000000000000e+00 0.000000000000000e+00 -1.000000000000000e+00
zras   = 0.000000000000000e+00 1.000000000000000e+00 0.000000000000000e+00
cras   = 2.216419677734375e+02 2.809231872558594e+02 4.938569335937500e+02
dst volume info
valid = 1  # volume info valid
filename = /usr/local/freesurfer/subjects/3857/mri/norm.mgz
volume = 256 256 256
voxelsize = 1.000000000000000e+00 1.000000000000000e+00 1.000000000000000e+00
xras   = -1.000000000000000e+00 0.000000000000000e+00 0.000000000000000e+00
yras   = 0.000000000000000e+00 0.000000000000000e+00 -1.000000000000000e+00
zras   = 0.000000000000000e+00 1.000000000000000e+00 0.000000000000000e+00
cras   = 2.216419677734375e+02 2.809231872558594e+02 4.938569335937500e+02
