# transform file /usr/local/freesurfer/subjects/3632/mri/transforms/cc_up.lta
# created by ubuntu on Fri Jan 12 10:26:57 2018

type      = 0 # LINEAR_VOX_TO_VOX
nxforms   = 1
mean      = 128.0000 119.0000 114.0000
sigma     = 10000.0000
1 4 4
9.995619058609009e-01 2.255812101066113e-02 1.915699802339077e-02 -3.245672225952148e+00 
-2.255397848784924e-02 9.997454881668091e-01 -4.322558525018394e-04 2.093341636657715e+01 
-1.916187442839146e-02 0.000000000000000e+00 9.998163580894470e-01 3.545100784301758e+01 
0.000000000000000e+00 0.000000000000000e+00 0.000000000000000e+00 1.000000000000000e+00 
src volume info
valid = 1  # volume info valid
filename = /usr/local/freesurfer/subjects/3632/mri/norm.mgz
volume = 256 256 256
voxelsize = 1.000000000000000e+00 1.000000000000000e+00 1.000000000000000e+00
xras   = -1.000000000000000e+00 0.000000000000000e+00 0.000000000000000e+00
yras   = 0.000000000000000e+00 0.000000000000000e+00 -1.000000000000000e+00
zras   = 0.000000000000000e+00 1.000000000000000e+00 0.000000000000000e+00
cras   = 1.957109680175781e+02 3.113108520507812e+02 5.423815917968750e+02
dst volume info
valid = 1  # volume info valid
filename = /usr/local/freesurfer/subjects/3632/mri/norm.mgz
volume = 256 256 256
voxelsize = 1.000000000000000e+00 1.000000000000000e+00 1.000000000000000e+00
xras   = -1.000000000000000e+00 0.000000000000000e+00 0.000000000000000e+00
yras   = 0.000000000000000e+00 0.000000000000000e+00 -1.000000000000000e+00
zras   = 0.000000000000000e+00 1.000000000000000e+00 0.000000000000000e+00
cras   = 1.957109680175781e+02 3.113108520507812e+02 5.423815917968750e+02
