# transform file /usr/local/freesurfer/subjects/3443/mri/transforms/cc_up.lta
# created by ubuntu on Fri Jan  5 15:00:49 2018

type      = 0 # LINEAR_VOX_TO_VOX
nxforms   = 1
mean      = 130.0000 119.0000 118.0000
sigma     = 10000.0000
1 4 4
9.999771118164062e-01 -1.074911560863256e-04 6.767944432795048e-03 -1.710026264190674e+00 
1.074886895366944e-04 1.000000000000000e+00 7.274941253854195e-07 2.398605918884277e+01 
-6.767944432795048e-03 0.000000000000000e+00 9.999771118164062e-01 2.187552261352539e+01 
0.000000000000000e+00 0.000000000000000e+00 0.000000000000000e+00 1.000000000000000e+00 
src volume info
valid = 1  # volume info valid
filename = /usr/local/freesurfer/subjects/3443/mri/norm.mgz
volume = 256 256 256
voxelsize = 1.000000000000000e+00 1.000000000000000e+00 1.000000000000000e+00
xras   = -1.000000000000000e+00 0.000000000000000e+00 0.000000000000000e+00
yras   = 0.000000000000000e+00 0.000000000000000e+00 -1.000000000000000e+00
zras   = 0.000000000000000e+00 9.999999403953552e-01 0.000000000000000e+00
cras   = 1.958271331787109e+02 3.054504699707031e+02 5.194003906250000e+02
dst volume info
valid = 1  # volume info valid
filename = /usr/local/freesurfer/subjects/3443/mri/norm.mgz
volume = 256 256 256
voxelsize = 1.000000000000000e+00 1.000000000000000e+00 1.000000000000000e+00
xras   = -1.000000000000000e+00 0.000000000000000e+00 0.000000000000000e+00
yras   = 0.000000000000000e+00 0.000000000000000e+00 -1.000000000000000e+00
zras   = 0.000000000000000e+00 9.999999403953552e-01 0.000000000000000e+00
cras   = 1.958271331787109e+02 3.054504699707031e+02 5.194003906250000e+02
