# transform file /usr/local/freesurfer/subjects/3320/mri/transforms/cc_up.lta
# created by ubuntu on Tue Jan  2 21:39:16 2018

type      = 0 # LINEAR_VOX_TO_VOX
nxforms   = 1
mean      = 128.0000 111.0000 117.0000
sigma     = 10000.0000
1 4 4
9.998188614845276e-01 -3.165676491335034e-03 1.876671612262726e-02 -2.056688308715820e+00 
3.165118861943483e-03 9.999949932098389e-01 5.940964547335170e-05 3.858783340454102e+01 
-1.876681111752987e-02 3.637978807091713e-12 9.998238682746887e-01 2.642815208435059e+01 
0.000000000000000e+00 0.000000000000000e+00 0.000000000000000e+00 1.000000000000000e+00 
src volume info
valid = 1  # volume info valid
filename = /usr/local/freesurfer/subjects/3320/mri/norm.mgz
volume = 256 256 256
voxelsize = 1.000000000000000e+00 1.000000000000000e+00 1.000000000000000e+00
xras   = -1.000000000000000e+00 0.000000000000000e+00 0.000000000000000e+00
yras   = 0.000000000000000e+00 0.000000000000000e+00 -1.000000000000000e+00
zras   = 0.000000000000000e+00 1.000000000000000e+00 0.000000000000000e+00
cras   = 2.073795166015625e+02 2.725000000000000e+02 5.315855712890625e+02
dst volume info
valid = 1  # volume info valid
filename = /usr/local/freesurfer/subjects/3320/mri/norm.mgz
volume = 256 256 256
voxelsize = 1.000000000000000e+00 1.000000000000000e+00 1.000000000000000e+00
xras   = -1.000000000000000e+00 0.000000000000000e+00 0.000000000000000e+00
yras   = 0.000000000000000e+00 0.000000000000000e+00 -1.000000000000000e+00
zras   = 0.000000000000000e+00 1.000000000000000e+00 0.000000000000000e+00
cras   = 2.073795166015625e+02 2.725000000000000e+02 5.315855712890625e+02
