# transform file /usr/local/freesurfer/subjects/3316/mri/transforms/cc_up.lta
# created by ubuntu on Tue Jan  2 21:19:44 2018

type      = 0 # LINEAR_VOX_TO_VOX
nxforms   = 1
mean      = 128.0000 112.0000 117.0000
sigma     = 10000.0000
1 4 4
9.999628663063049e-01 -3.330979030579329e-03 -7.946856319904327e-03 1.139191269874573e+00 
3.330874023959041e-03 9.999944567680359e-01 -2.647095971042290e-05 2.557685852050781e+01 
7.946901023387909e-03 0.000000000000000e+00 9.999684095382690e-01 2.698595428466797e+01 
0.000000000000000e+00 0.000000000000000e+00 0.000000000000000e+00 1.000000000000000e+00 
src volume info
valid = 1  # volume info valid
filename = /usr/local/freesurfer/subjects/3316/mri/norm.mgz
volume = 256 256 256
voxelsize = 1.000000000000000e+00 1.000000000000000e+00 1.000000000000000e+00
xras   = -1.000000000000000e+00 0.000000000000000e+00 0.000000000000000e+00
yras   = 0.000000000000000e+00 0.000000000000000e+00 -1.000000000000000e+00
zras   = 0.000000000000000e+00 1.000000000000000e+00 0.000000000000000e+00
cras   = 2.084560546875000e+02 2.694002685546875e+02 5.324851684570312e+02
dst volume info
valid = 1  # volume info valid
filename = /usr/local/freesurfer/subjects/3316/mri/norm.mgz
volume = 256 256 256
voxelsize = 1.000000000000000e+00 1.000000000000000e+00 1.000000000000000e+00
xras   = -1.000000000000000e+00 0.000000000000000e+00 0.000000000000000e+00
yras   = 0.000000000000000e+00 0.000000000000000e+00 -1.000000000000000e+00
zras   = 0.000000000000000e+00 1.000000000000000e+00 0.000000000000000e+00
cras   = 2.084560546875000e+02 2.694002685546875e+02 5.324851684570312e+02
