# transform file /usr/local/freesurfer/subjects/4079/mri/transforms/cc_up.lta
# created by ubuntu on Tue Jan 16 07:48:28 2018

type      = 0 # LINEAR_VOX_TO_VOX
nxforms   = 1
mean      = 130.0000 122.0000 109.0000
sigma     = 10000.0000
1 4 4
9.977533221244812e-01 4.887346550822258e-02 -4.582269862294197e-02 -1.968349933624268e+00 
-4.882200434803963e-02 9.988050460815430e-01 2.242193557322025e-03 2.923398017883301e+01 
4.587752372026443e-02 0.000000000000000e+00 9.989470839500427e-01 2.415661048889160e+01 
0.000000000000000e+00 0.000000000000000e+00 0.000000000000000e+00 1.000000000000000e+00 
src volume info
valid = 1  # volume info valid
filename = /usr/local/freesurfer/subjects/4079/mri/norm.mgz
volume = 256 256 256
voxelsize = 1.000000000000000e+00 1.000000000000000e+00 1.000000000000000e+00
xras   = -1.000000000000000e+00 0.000000000000000e+00 0.000000000000000e+00
yras   = 0.000000000000000e+00 0.000000000000000e+00 -9.999999403953552e-01
zras   = 0.000000000000000e+00 9.999999403953552e-01 0.000000000000000e+00
cras   = 1.640683593750000e+02 2.881439208984375e+02 5.047804870605469e+02
dst volume info
valid = 1  # volume info valid
filename = /usr/local/freesurfer/subjects/4079/mri/norm.mgz
volume = 256 256 256
voxelsize = 1.000000000000000e+00 1.000000000000000e+00 1.000000000000000e+00
xras   = -1.000000000000000e+00 0.000000000000000e+00 0.000000000000000e+00
yras   = 0.000000000000000e+00 0.000000000000000e+00 -9.999999403953552e-01
zras   = 0.000000000000000e+00 9.999999403953552e-01 0.000000000000000e+00
cras   = 1.640683593750000e+02 2.881439208984375e+02 5.047804870605469e+02
