# transform file /usr/local/freesurfer/subjects/3781/mri/transforms/cc_up.lta
# created by ubuntu on Fri Jan 19 10:34:29 2018

type      = 0 # LINEAR_VOX_TO_VOX
nxforms   = 1
mean      = 128.0000 130.0000 129.0000
sigma     = 10000.0000
1 4 4
9.999454021453857e-01 -2.427439205348492e-03 -1.015545148402452e-02 4.772359132766724e-01 
2.427314175292850e-03 9.999969601631165e-01 -2.465181751176715e-05 1.569011497497559e+01 
1.015548128634691e-02 3.637978373410844e-12 9.999483823776245e-01 8.696027755737305e+00 
0.000000000000000e+00 0.000000000000000e+00 0.000000000000000e+00 1.000000000000000e+00 
src volume info
valid = 1  # volume info valid
filename = /usr/local/freesurfer/subjects/3781/mri/norm.mgz
volume = 256 256 256
voxelsize = 1.000000000000000e+00 1.000000000000000e+00 1.000000000000000e+00
xras   = -1.000000000000000e+00 0.000000000000000e+00 0.000000000000000e+00
yras   = 0.000000000000000e+00 0.000000000000000e+00 -1.000000000000000e+00
zras   = 0.000000000000000e+00 1.000000000000000e+00 0.000000000000000e+00
cras   = 2.435291442871094e+02 2.753143310546875e+02 4.924924316406250e+02
dst volume info
valid = 1  # volume info valid
filename = /usr/local/freesurfer/subjects/3781/mri/norm.mgz
volume = 256 256 256
voxelsize = 1.000000000000000e+00 1.000000000000000e+00 1.000000000000000e+00
xras   = -1.000000000000000e+00 0.000000000000000e+00 0.000000000000000e+00
yras   = 0.000000000000000e+00 0.000000000000000e+00 -1.000000000000000e+00
zras   = 0.000000000000000e+00 1.000000000000000e+00 0.000000000000000e+00
cras   = 2.435291442871094e+02 2.753143310546875e+02 4.924924316406250e+02
