# transform file /usr/local/freesurfer/subjects/3422/mri/transforms/cc_up.lta
# created by ubuntu on Wed Jan 17 22:32:23 2018

type      = 0 # LINEAR_VOX_TO_VOX
nxforms   = 1
mean      = 130.0000 126.0000 108.0000
sigma     = 10000.0000
1 4 4
9.969351887702942e-01 4.222119227051735e-03 7.811985909938812e-02 -7.614521026611328e+00 
-4.209216218441725e-03 9.999911785125732e-01 -3.298342926427722e-04 3.157594680786133e+01 
-7.812055200338364e-02 0.000000000000000e+00 9.969440102577209e-01 5.140642547607422e+01 
0.000000000000000e+00 0.000000000000000e+00 0.000000000000000e+00 1.000000000000000e+00 
src volume info
valid = 1  # volume info valid
filename = /usr/local/freesurfer/subjects/3422/mri/norm.mgz
volume = 256 256 256
voxelsize = 1.000000000000000e+00 1.000000000000000e+00 1.000000000000000e+00
xras   = -1.000000000000000e+00 0.000000000000000e+00 0.000000000000000e+00
yras   = 0.000000000000000e+00 0.000000000000000e+00 -1.000000000000000e+00
zras   = 0.000000000000000e+00 1.000000000000000e+00 0.000000000000000e+00
cras   = 1.753970184326172e+02 3.080057983398438e+02 5.255310668945312e+02
dst volume info
valid = 1  # volume info valid
filename = /usr/local/freesurfer/subjects/3422/mri/norm.mgz
volume = 256 256 256
voxelsize = 1.000000000000000e+00 1.000000000000000e+00 1.000000000000000e+00
xras   = -1.000000000000000e+00 0.000000000000000e+00 0.000000000000000e+00
yras   = 0.000000000000000e+00 0.000000000000000e+00 -1.000000000000000e+00
zras   = 0.000000000000000e+00 1.000000000000000e+00 0.000000000000000e+00
cras   = 1.753970184326172e+02 3.080057983398438e+02 5.255310668945312e+02
