# transform file /usr/local/freesurfer/subjects/3442/mri/transforms/cc_up.lta
# created by ubuntu on Fri Jan  5 16:27:28 2018

type      = 0 # LINEAR_VOX_TO_VOX
nxforms   = 1
mean      = 129.0000 113.0000 122.0000
sigma     = 10000.0000
1 4 4
9.998894333839417e-01 3.878545947372913e-03 1.435628812760115e-02 -3.397114515304565e+00 
-3.878146409988403e-03 9.999924898147583e-01 -5.568194683291949e-05 3.650894927978516e+01 
-1.435639616101980e-02 3.637978807091713e-12 9.998969435691833e-01 2.587076187133789e+01 
0.000000000000000e+00 0.000000000000000e+00 0.000000000000000e+00 1.000000000000000e+00 
src volume info
valid = 1  # volume info valid
filename = /usr/local/freesurfer/subjects/3442/mri/norm.mgz
volume = 256 256 256
voxelsize = 1.000000000000000e+00 1.000000000000000e+00 1.000000000000000e+00
xras   = -1.000000000000000e+00 0.000000000000000e+00 0.000000000000000e+00
yras   = 0.000000000000000e+00 0.000000000000000e+00 -1.000000000000000e+00
zras   = 0.000000000000000e+00 1.000000000000000e+00 0.000000000000000e+00
cras   = 2.204855651855469e+02 5.620895385742188e+02 8.109583129882812e+02
dst volume info
valid = 1  # volume info valid
filename = /usr/local/freesurfer/subjects/3442/mri/norm.mgz
volume = 256 256 256
voxelsize = 1.000000000000000e+00 1.000000000000000e+00 1.000000000000000e+00
xras   = -1.000000000000000e+00 0.000000000000000e+00 0.000000000000000e+00
yras   = 0.000000000000000e+00 0.000000000000000e+00 -1.000000000000000e+00
zras   = 0.000000000000000e+00 1.000000000000000e+00 0.000000000000000e+00
cras   = 2.204855651855469e+02 5.620895385742188e+02 8.109583129882812e+02
