# transform file /usr/local/freesurfer/subjects/3423/mri/transforms/cc_up.lta
# created by ubuntu on Wed Jan 17 21:15:06 2018

type      = 0 # LINEAR_VOX_TO_VOX
nxforms   = 1
mean      = 128.0000 129.0000 112.0000
sigma     = 10000.0000
1 4 4
9.998500347137451e-01 -1.068601012229919e-02 1.363514270633459e-02 7.805291414260864e-01 
1.068501733243465e-02 9.999429583549500e-01 1.457135804230347e-04 2.263451004028320e+01 
-1.363592129200697e-02 1.455191696309033e-11 9.999071359634399e-01 3.074096679687500e+01 
0.000000000000000e+00 0.000000000000000e+00 0.000000000000000e+00 1.000000000000000e+00 
src volume info
valid = 1  # volume info valid
filename = /usr/local/freesurfer/subjects/3423/mri/norm.mgz
volume = 256 256 256
voxelsize = 1.000000000000000e+00 1.000000000000000e+00 1.000000000000000e+00
xras   = -9.999999403953552e-01 0.000000000000000e+00 0.000000000000000e+00
yras   = 0.000000000000000e+00 0.000000000000000e+00 -9.999999403953552e-01
zras   = 0.000000000000000e+00 1.000000000000000e+00 0.000000000000000e+00
cras   = 1.688828277587891e+02 3.024735107421875e+02 5.226039428710938e+02
dst volume info
valid = 1  # volume info valid
filename = /usr/local/freesurfer/subjects/3423/mri/norm.mgz
volume = 256 256 256
voxelsize = 1.000000000000000e+00 1.000000000000000e+00 1.000000000000000e+00
xras   = -9.999999403953552e-01 0.000000000000000e+00 0.000000000000000e+00
yras   = 0.000000000000000e+00 0.000000000000000e+00 -9.999999403953552e-01
zras   = 0.000000000000000e+00 1.000000000000000e+00 0.000000000000000e+00
cras   = 1.688828277587891e+02 3.024735107421875e+02 5.226039428710938e+02
