# transform file /usr/local/freesurfer/subjects/3859/mri/transforms/cc_up.lta
# created by ubuntu on Sun Jan 14 11:54:12 2018

type      = 0 # LINEAR_VOX_TO_VOX
nxforms   = 1
mean      = 131.0000 101.0000 109.0000
sigma     = 10000.0000
1 4 4
9.985734820365906e-01 -4.219266399741173e-02 3.272622451186180e-02 -1.066280364990234e+00 
4.217002540826797e-02 9.991096258163452e-01 1.382037298753858e-03 4.043418884277344e+01 
-3.275539353489876e-02 -1.164153357047226e-10 9.994634985923767e-01 3.132571601867676e+01 
0.000000000000000e+00 0.000000000000000e+00 0.000000000000000e+00 1.000000000000000e+00 
src volume info
valid = 1  # volume info valid
filename = /usr/local/freesurfer/subjects/3859/mri/norm.mgz
volume = 256 256 256
voxelsize = 1.000000000000000e+00 1.000000000000000e+00 1.000000000000000e+00
xras   = -1.000000000000000e+00 0.000000000000000e+00 0.000000000000000e+00
yras   = 0.000000000000000e+00 0.000000000000000e+00 -1.000000000000000e+00
zras   = 0.000000000000000e+00 1.000000000000000e+00 0.000000000000000e+00
cras   = 2.234205322265625e+02 2.825319824218750e+02 5.024844970703125e+02
dst volume info
valid = 1  # volume info valid
filename = /usr/local/freesurfer/subjects/3859/mri/norm.mgz
volume = 256 256 256
voxelsize = 1.000000000000000e+00 1.000000000000000e+00 1.000000000000000e+00
xras   = -1.000000000000000e+00 0.000000000000000e+00 0.000000000000000e+00
yras   = 0.000000000000000e+00 0.000000000000000e+00 -1.000000000000000e+00
zras   = 0.000000000000000e+00 1.000000000000000e+00 0.000000000000000e+00
cras   = 2.234205322265625e+02 2.825319824218750e+02 5.024844970703125e+02
