# transform file transforms/talairach_with_skull.lta
# created by ubuntu on Sat Jan 13 23:22:23 2018

type      = 0 # LINEAR_VOX_TO_VOX
nxforms   = 1
mean      = 129.0000 137.0000 128.0000
sigma     = 10000.0000
1 4 4
1.029875636100769e+00 -1.733566261827946e-02 4.080263152718544e-02 -1.254791164398193e+01 
9.918067604303360e-03 1.236857295036316e+00 2.331095039844513e-01 -2.646180725097656e+01 
-4.210662841796875e-02 -2.148940116167068e-01 1.038716673851013e+00 2.214977264404297e+01 
0.000000000000000e+00 0.000000000000000e+00 0.000000000000000e+00 1.000000000000000e+00 
src volume info
valid = 1  # volume info valid
filename = nu.mgz
volume = 256 256 256
voxelsize = 1.000000000000000e+00 1.000000000000000e+00 1.000000000000000e+00
xras   = -1.000000000000000e+00 0.000000000000000e+00 0.000000000000000e+00
yras   = 0.000000000000000e+00 0.000000000000000e+00 -1.000000000000000e+00
zras   = 0.000000000000000e+00 1.000000000000000e+00 0.000000000000000e+00
cras   = 2.234205322265625e+02 2.825319824218750e+02 5.024844970703125e+02
dst volume info
valid = 1  # volume info valid
filename = /usr/local/freesurfer/average/RB_all_withskull_2016-05-10.vc700.gca
volume = 256 256 256
voxelsize = 1.000000000000000e+00 1.000000000000000e+00 1.000000000000000e+00
xras   = -1.000000000000000e+00 0.000000000000000e+00 0.000000000000000e+00
yras   = 0.000000000000000e+00 0.000000000000000e+00 -1.000000000000000e+00
zras   = 0.000000000000000e+00 1.000000000000000e+00 0.000000000000000e+00
cras   = 0.000000000000000e+00 0.000000000000000e+00 0.000000000000000e+00
