# transform file /usr/local/freesurfer/subjects/3852/mri/transforms/cc_up.lta
# created by ubuntu on Sun Jan 14 11:45:34 2018

type      = 0 # LINEAR_VOX_TO_VOX
nxforms   = 1
mean      = 129.0000 110.0000 111.0000
sigma     = 10000.0000
1 4 4
9.988461732864380e-01 -4.726338014006615e-02 8.516878820955753e-03 4.582612037658691e+00 
4.726166278123856e-02 9.988824725151062e-01 4.029868287034333e-04 3.205965805053711e+01 
-8.526407182216644e-03 0.000000000000000e+00 9.999637007713318e-01 3.308634185791016e+01 
0.000000000000000e+00 0.000000000000000e+00 0.000000000000000e+00 1.000000000000000e+00 
src volume info
valid = 1  # volume info valid
filename = /usr/local/freesurfer/subjects/3852/mri/norm.mgz
volume = 256 256 256
voxelsize = 1.000000000000000e+00 1.000000000000000e+00 1.000000000000000e+00
xras   = -1.000000000000000e+00 0.000000000000000e+00 0.000000000000000e+00
yras   = 0.000000000000000e+00 0.000000000000000e+00 -1.000000000000000e+00
zras   = 0.000000000000000e+00 1.000000000000000e+00 0.000000000000000e+00
cras   = 2.078247070312500e+02 2.863183288574219e+02 5.170069580078125e+02
dst volume info
valid = 1  # volume info valid
filename = /usr/local/freesurfer/subjects/3852/mri/norm.mgz
volume = 256 256 256
voxelsize = 1.000000000000000e+00 1.000000000000000e+00 1.000000000000000e+00
xras   = -1.000000000000000e+00 0.000000000000000e+00 0.000000000000000e+00
yras   = 0.000000000000000e+00 0.000000000000000e+00 -1.000000000000000e+00
zras   = 0.000000000000000e+00 1.000000000000000e+00 0.000000000000000e+00
cras   = 2.078247070312500e+02 2.863183288574219e+02 5.170069580078125e+02
