# transform file /usr/local/freesurfer/subjects/3854/mri/transforms/cc_up.lta
# created by ubuntu on Sun Jan 14 11:32:30 2018

type      = 0 # LINEAR_VOX_TO_VOX
nxforms   = 1
mean      = 128.0000 102.0000 118.0000
sigma     = 10000.0000
1 4 4
9.998221397399902e-01 -1.333582773804665e-02 -1.334393676370382e-02 3.637346744537354e+00 
1.333464030176401e-02 9.999111890792847e-01 -1.779682352207601e-04 4.433407974243164e+01 
1.334512326866388e-02 0.000000000000000e+00 9.999110102653503e-01 1.231532192230225e+01 
0.000000000000000e+00 0.000000000000000e+00 0.000000000000000e+00 1.000000000000000e+00 
src volume info
valid = 1  # volume info valid
filename = /usr/local/freesurfer/subjects/3854/mri/norm.mgz
volume = 256 256 256
voxelsize = 1.000000000000000e+00 1.000000000000000e+00 1.000000000000000e+00
xras   = -1.000000000000000e+00 0.000000000000000e+00 0.000000000000000e+00
yras   = 0.000000000000000e+00 0.000000000000000e+00 -1.000000000000000e+00
zras   = 0.000000000000000e+00 1.000000000000000e+00 0.000000000000000e+00
cras   = 2.150177612304688e+02 2.851599731445312e+02 5.067429809570312e+02
dst volume info
valid = 1  # volume info valid
filename = /usr/local/freesurfer/subjects/3854/mri/norm.mgz
volume = 256 256 256
voxelsize = 1.000000000000000e+00 1.000000000000000e+00 1.000000000000000e+00
xras   = -1.000000000000000e+00 0.000000000000000e+00 0.000000000000000e+00
yras   = 0.000000000000000e+00 0.000000000000000e+00 -1.000000000000000e+00
zras   = 0.000000000000000e+00 1.000000000000000e+00 0.000000000000000e+00
cras   = 2.150177612304688e+02 2.851599731445312e+02 5.067429809570312e+02
