# transform file /usr/local/freesurfer/subjects/4085/mri/transforms/cc_up.lta
# created by ubuntu on Tue Jan 16 08:06:21 2018

type      = 0 # LINEAR_VOX_TO_VOX
nxforms   = 1
mean      = 127.0000 110.0000 104.0000
sigma     = 10000.0000
1 4 4
9.985621571540833e-01 -2.746802382171154e-02 -4.603439196944237e-02 9.509084701538086e+00 
2.743888273835182e-02 9.996227025985718e-01 -1.264951075427234e-03 3.170895767211914e+01 
4.605177044868469e-02 0.000000000000000e+00 9.989390969276428e-01 4.033052444458008e+01 
0.000000000000000e+00 0.000000000000000e+00 0.000000000000000e+00 1.000000000000000e+00 
src volume info
valid = 1  # volume info valid
filename = /usr/local/freesurfer/subjects/4085/mri/norm.mgz
volume = 256 256 256
voxelsize = 1.000000000000000e+00 1.000000000000000e+00 1.000000000000000e+00
xras   = -1.000000000000000e+00 0.000000000000000e+00 0.000000000000000e+00
yras   = 0.000000000000000e+00 0.000000000000000e+00 -1.000000000000000e+00
zras   = 0.000000000000000e+00 1.000000000000000e+00 0.000000000000000e+00
cras   = 1.726101684570312e+02 2.725000000000000e+02 5.053559570312500e+02
dst volume info
valid = 1  # volume info valid
filename = /usr/local/freesurfer/subjects/4085/mri/norm.mgz
volume = 256 256 256
voxelsize = 1.000000000000000e+00 1.000000000000000e+00 1.000000000000000e+00
xras   = -1.000000000000000e+00 0.000000000000000e+00 0.000000000000000e+00
yras   = 0.000000000000000e+00 0.000000000000000e+00 -1.000000000000000e+00
zras   = 0.000000000000000e+00 1.000000000000000e+00 0.000000000000000e+00
cras   = 1.726101684570312e+02 2.725000000000000e+02 5.053559570312500e+02
